4257028;26015916;2490198501;
4257028;2490198501;26015914;
4257028;26015914;3092764714;
4257028;3092764714;26015912;
4257028;26015912;2490198494;
4257028;2490198494;26015910;
4257028;26015910;128580399;
4257028;128580399;26015908;
4257028;26015908;26015906;
4257028;26015906;26015904;
4257028;26015904;26015902;
4257028;26015902;26015900;
4257028;26015900;128583855;
4257028;128583855;3092764691;
4257028;3092764691;26015898;
4257028;26015898;26015896;
4257028;26015896;26015894;
4257028;26015894;3522105988;
4257028;3522105988;26015892;
4306662;3139458027;3139458019;
4306662;3139458019;26057847;
4306662;26057847;26057848;
4306662;26057848;3139458026;
4306662;3139458026;3713963925;
4306662;3713963925;3713963926;
4306662;3713963926;26057849;
4306662;26057849;3713963931;
4306662;3713963931;3713963935;
4306662;3713963935;3713963938;
4306662;3713963938;26057850;
4306662;26057850;3713963941;
4306662;3713963941;26057852;
4306662;26057852;26122724;
4306661;26057853;3713963415;
4306661;3713963415;3713963413;
4306661;3713963413;26057854;
4306661;26057854;3713963408;
4306661;3713963408;112654450;
4306661;112654450;3713963403;
4306661;3713963403;3713963401;
4306661;3713963401;112654452;
4306661;112654452;3713963399;
4306661;3713963399;26057855;
4306661;26057855;3713963397;
4306661;3713963397;112653914;
4306661;112653914;3713963395;
4306661;3713963395;26057856;
4306661;26057856;3713963392;
4306661;3713963392;112653915;
4306661;112653915;3713963393;
4306661;3713963393;3713963394;
4306661;3713963394;26057857;
4306661;26057857;3713963396;
4306661;3713963396;112653406;
4306661;112653406;3713963398;
4306661;3713963398;26057858;
4306661;26057858;3713963400;
4306661;3713963400;26122720;
13799514;112664300;792643010;
13799514;792643010;1731170988;
13799514;1731170988;792643014;
13799514;792643014;128651490;
13799514;128651490;792643017;
13799514;792643017;1731170955;
13799514;1731170955;1731170947;
13799514;1731170947;1731170946;
13799514;1731170946;128651494;
13799514;128651494;792643023;
13799514;792643023;792643028;
13799514;792643028;792643032;
13799514;792643032;792643035;
13799514;792643035;792643039;
13799514;792643039;1731171009;
13799514;1731171009;112664300;
26248552;287458423;430267067;
26248558;287458423;287458425;
26248558;287458425;287458427;
26248558;287458427;430267072;
26248558;430267072;431615501;
26248558;431615501;1187434185;
26248558;1187434185;3151242977;
26248558;3151242977;287458391;
27103792;297369724;297369739;
27103792;297369739;297369726;
27103792;297369726;432578823;
27103792;432578823;297369728;
27103792;297369728;297369729;
27289587;432578825;297369732;
27289587;297369732;773982487;
27289587;773982487;299598676;
27289587;299598676;299574096;
27289587;299574096;1842003117;
27289587;1842003117;432578798;
27289587;432578798;299573551;
27289587;299573551;432578800;
27289587;432578800;299573943;
27289587;299573943;299573553;
27289587;299573553;299608221;
27289587;299608221;1731170784;
27289587;1731170784;1837321449;
27289587;1837321449;269565777;
27289587;269565777;269565778;
27289587;269565778;445041887;
27289587;445041887;1731171039;
27289587;1731171039;1838444684;
27289587;1838444684;112613628;
27290127;299580145;299599582;
27290127;299599582;299590514;
27290127;299590514;299583544;
27290127;299583544;299590114;
27290127;299590114;299592087;
27290127;299592087;1106006331;
27290127;1106006331;3570149219;
27290127;3570149219;299579764;
27290127;299579764;299579766;
27290578;299586502;1838454986;
27290578;1838454986;299586764;
27290578;299586764;299586765;
27291749;299598639;299599207;
27291749;299599207;299597869;
27292621;299608220;299608246;
27292621;299608246;299608221;
29035149;112651991;112651992;
29035151;112652932;112613608;
41380173;435240959;506111741;
41380173;506111741;506111742;
27290137;299579890;299580230;
27290137;299580230;1106006305;
27290137;1106006305;299599501;
27290137;299599501;299599440;
27290137;299599440;299590394;
27290137;299590394;1108076408;
27290137;1108076408;299599638;
27290137;299599638;299579882;
27290137;299579882;1108076407;
27290137;1108076407;299583353;
27292604;299608246;1731170416;
27292604;1731170416;299608108;
27292604;299608108;299608120;
27292604;299608120;1731170240;
27292604;1731170240;1731170233;
27292604;1731170233;299607855;
27292604;299607855;1731170248;
27292604;1731170248;1731170245;
27292604;1731170245;299607856;
35105022;411835384;411835385;
35105022;411835385;411835386;
35105022;411835386;411835387;
35105022;411835387;411835388;
35105022;411835388;2460915663;
35105022;2460915663;411835389;
35105022;411835389;411835390;
35105022;411835390;411835391;
35105022;411835391;432578817;
35105022;432578817;411835393;
35105022;411835393;411504977;
26248563;287458443;287458447;
26248564;411506246;444011315;
26248564;444011315;444004669;
26248564;444004669;444004670;
26248564;444004670;444004671;
26248564;444004671;444004672;
26248564;444004672;444004676;
26248564;444004676;444004673;
26248564;444004673;444004674;
26248564;444004674;444011311;
26248564;444011311;287458452;
26248564;287458452;287458454;
35104970;287458454;287458456;
35104970;287458456;435240919;
35104970;435240919;2084091557;
35104970;2084091557;287458443;
35145153;444011310;2617650079;
35145153;2617650079;1548554613;
35145153;1548554613;412246608;
35145153;412246608;412246607;
35145153;412246607;412246606;
35145153;412246606;412246604;
35145153;412246604;412246603;
35145153;412246603;412246602;
35078500;411504977;411504979;
35078500;411504979;420777494;
35078500;420777494;411504981;
35078500;411504981;411504984;
35078500;411504984;411504986;
35078500;411504986;411504987;
35078500;411504987;412249442;
35078500;412249442;2084090872;
35078500;2084090872;3554953622;
35078500;3554953622;411504967;
35078501;411504995;411835470;
35078501;411835470;411504997;
35078501;411504997;445439284;
35078501;445439284;432578810;
35078501;432578810;411504999;
35078501;411504999;432578813;
35078501;432578813;445439290;
35078501;445439290;411504977;
35997763;112613604;2846609715;
35997763;2846609715;2846609714;
35997763;2846609714;2846609713;
35997763;2846609713;444026528;
35997763;444026528;444026527;
35997763;444026527;420776961;
35997762;420776909;420776894;
36001071;287458431;420807841;
36356253;424016887;424016886;
36356253;424016886;424020212;
36355832;424016883;424016886;
36905352;420776894;2846609716;
36905352;2846609716;429205569;
36905352;429205569;429205572;
36965447;429833964;429833965;
36965447;429833965;429833968;
36965447;429833968;429833970;
36965448;429833978;429833975;
36965448;429833975;429833973;
36965448;429833973;429833979;
36965448;429833979;429833970;
36966145;429833988;429833978;
36966144;430137470;429833998;
36966144;429833998;429833996;
36966144;429833996;429833994;
36966144;429833994;429833991;
36966144;429833991;429833988;
36996748;429205574;429205575;
36996745;429205572;430273240;
36996745;430273240;430273244;
36996745;430273244;429833956;
36996746;1816888566;1816888560;
36996746;1816888560;430273247;
36996746;430273247;429205572;
36996352;429833970;430267076;
36996352;430267076;431615493;
36996352;431615493;431615500;
36996352;431615500;430267072;
36996349;287458423;429833964;
36996353;3554953706;431615494;
36996353;431615494;430267080;
36996353;430267080;3554953708;
36996353;3554953708;430267082;
36996353;430267082;430267081;
36997782;2583930769;430284757;
36997782;430284757;430284763;
37014841;420865860;429854607;
37014841;429854607;2082720512;
37014841;2082720512;429200540;
37014841;429200540;287458433;
37014841;287458433;429200541;
37014841;429200541;429200542;
37014841;429200542;429200543;
37014841;429200543;430137470;
37014841;430137470;429200545;
37014841;429200545;738940500;
37014841;738940500;738940465;
37014841;738940465;429200546;
37014841;429200546;738940471;
37014841;738940471;429200547;
37014841;429200547;1037307067;
37014841;1037307067;429200548;
37014841;429200548;429200549;
37014841;429200549;432874393;
37014841;432874393;429200550;
37014841;429200550;429200551;
37014841;429200551;1187411649;
37014841;1187411649;429200552;
37014841;429200552;430273276;
37014841;430273276;429200553;
37111744;431615495;431615496;
37111744;431615496;431615497;
37111744;431615497;1244598176;
37111744;1244598176;431615498;
37111744;431615498;431615499;
37111743;430267072;430267073;
37111743;430267073;3151242975;
37111743;3151242975;430267074;
37120133;430267067;435759033;
37120133;435759033;287458421;
37120133;287458421;3139458233;
37120135;431925048;429833956;
37120134;431615493;430267077;
37120134;430267077;1187434186;
37120134;1187434186;431615502;
37120134;431615502;430267078;
37120543;431947965;431947934;
37120542;431947932;431947965;
37120545;3573222263;431947969;
37120545;431947969;1402787144;
37120545;1402787144;431947932;
37120545;431947932;431947967;
37120545;431947967;445028134;
37142500;3713816545;3713843046;
37142500;3713843046;26122715;
37142500;26122715;3713843047;
37142500;3713843047;26122717;
37142500;26122717;3713843048;
37142500;3713843048;3713843050;
37142500;3713843050;26122718;
37141974;297369724;432578858;
37141974;432578858;432578854;
37141974;432578854;432578859;
37141974;432578859;401623786;
37141974;401623786;432578860;
37141974;432578860;432578861;
37141974;432578861;432578862;
37141974;432578862;432578863;
37141974;432578863;432578864;
37141974;432578864;3799695584;
37141974;3799695584;3799695585;
37141974;3799695585;3799695586;
37141974;3799695586;3501878316;
37142655;432589603;432589605;
37142655;432589605;432589606;
37142655;432589606;432578835;
37141971;432578800;432578841;
37141981;445041885;445041884;
37141981;445041884;445041883;
37141981;445041883;432578838;
37141972;432578842;432578798;
37141983;411835382;432578938;
37141983;432578938;432578945;
37141983;432578945;432578817;
37141982;432578831;432578901;
37141982;432578901;432578906;
37141982;432578906;432578908;
37141982;432578908;432578916;
37141982;432578916;432578919;
37141982;432578919;432578922;
37141982;432578922;432578925;
37141982;432578925;432578930;
37141982;432578930;411835384;
37141968;432578781;1223751641;
37141968;1223751641;1223751723;
37141968;1223751723;430012030;
37141968;430012030;1223751683;
37141968;1223751683;430012028;
37141968;430012028;2185848579;
37141968;2185848579;430012027;
37141968;430012027;430012058;
37141968;430012058;430012057;
37141968;430012057;432578830;
37141968;432578830;435240898;
37141968;435240898;432578831;
37143414;432597951;287458456;
37194468;430273261;432862422;
37194468;432862422;432862423;
37194468;432862423;1221776605;
37194468;1221776605;432862420;
37195038;432874393;432874402;
37195038;432874402;432874403;
37195038;432874403;432874404;
37202414;430273266;430273270;
37202411;433073096;433073097;
37202411;433073097;430273266;
37202416;433073103;433073105;
37202416;433073105;433073106;
37202416;433073106;1221776573;
37202416;1221776573;1221776392;
37202416;1221776392;1221776457;
37202416;1221776457;1221776533;
37202416;1221776533;1221776430;
37202416;1221776430;1221776564;
37202416;1221776564;1221776472;
37202416;1221776472;1221776496;
37202416;1221776496;1221776450;
37202413;433073100;433073101;
37202413;433073101;433073102;
37221657;433469180;433469208;
37221660;433469276;433469280;
37221652;1260748530;433469161;
37221652;433469161;433469160;
37221652;433469160;3168773402;
37221652;3168773402;433469158;
37221652;433469158;433469157;
37221652;433469157;445028111;
37221652;445028111;3230463787;
37221652;3230463787;433469156;
37221652;433469156;433469151;
37336453;435206313;435206314;
37336454;429205589;1103134723;
37336454;1103134723;1244598170;
37336454;1244598170;435206312;
37338732;435240914;435240906;
37338733;435240917;435240959;
37338735;435240964;435240968;
37338735;435240968;435240969;
37338735;435240969;435240970;
37338735;435240970;435240972;
37338735;435240972;435240974;
37338735;435240974;435240919;
37393310;433469175;436639222;
37393310;436639222;436639224;
37393310;436639224;436639226;
37393310;436639226;436639227;
37393310;436639227;436639229;
37393310;436639229;436639230;
37393310;436639230;436639232;
37393310;436639232;436639233;
37393309;436639217;436639219;
37393309;436639219;436639233;
37393309;436639233;436639220;
37393309;436639220;436639221;
37393299;433469169;436639169;
37393299;436639169;436639170;
37393299;436639170;3168773429;
37393299;3168773429;436639171;
37393299;436639171;436639172;
37393299;436639172;436639173;
37393299;436639173;436639174;
37393307;436639201;436639202;
37393307;436639202;436639203;
37393307;436639203;436639209;
37393311;436639212;3230463781;
37393311;3230463781;3230463780;
37393311;3230463780;3230463779;
37393311;3230463779;436639235;
37393312;433469150;436639236;
37393312;436639236;436639237;
37393312;436639237;3230463778;
37393312;3230463778;436639238;
37393312;436639238;436639239;
37393312;436639239;436639240;
37393312;436639240;3230463782;
37393312;3230463782;433469154;
36997781;420865858;430284754;
36997781;430284754;430284757;
37855520;444004620;444004625;
37855521;444004626;444004627;
37855522;444004628;444004629;
37855524;444004646;444004647;
37855528;444004652;444004653;
37855528;444004653;444004654;
37855528;444004654;444004655;
37855519;112613596;444004614;
37855519;444004614;444004615;
37855519;444004615;2489687347;
37855519;2489687347;444004616;
37855519;444004616;2489687348;
37855519;2489687348;444004617;
37855519;444004617;2489687349;
37855519;2489687349;444004618;
37855519;444004618;2489687350;
37855519;2489687350;444004619;
37855519;444004619;444004620;
37855531;444004662;444004663;
37855531;444004663;444004664;
37855531;444004664;444004665;
37855531;444004665;444004666;
37855531;444004666;444004667;
37855531;444004667;444004668;
37855531;444004668;432597951;
37855523;444004620;444004621;
37855523;444004621;444004626;
37855523;444004626;444004622;
37855523;444004622;444004630;
37855523;444004630;444004631;
37855523;444004631;444004632;
37855523;444004632;444004633;
37855523;444004633;444004634;
37855523;444004634;444004638;
37855523;444004638;444004639;
37855523;444004639;444004640;
37855523;444004640;444004641;
37855523;444004641;444004646;
37855523;444004646;444004644;
37855523;444004644;444004645;
37856823;444026518;444026520;
37856823;444026520;444026522;
37856823;444026522;444026524;
37856824;444026522;444026527;
37856825;444026520;444026528;
37857254;444041631;444041638;
37857254;444041638;444041639;
37857254;444041639;444041641;
37857254;444041641;444041644;
37857250;1654252859;444041609;
37857250;444041609;3554472065;
37857250;3554472065;444041612;
37857250;444041612;444041613;
37857250;444041613;444041615;
37857257;444041652;444041663;
37857257;444041663;444041664;
37857257;444041664;444041665;
37857257;444041665;444041666;
37857973;444060344;3168773414;
37857973;3168773414;444060346;
37857973;444060346;433469272;
37857974;444060340;3168773417;
37914788;445028111;3230463788;
37914788;3230463788;445028112;
37914788;445028112;445028113;
37914793;445028148;445028149;
37914793;445028149;445028150;
37914793;445028150;445028151;
37914793;445028151;445028147;
37914793;445028147;445028152;
37914793;445028152;445028153;
37914793;445028153;445028154;
37914793;445028154;445028155;
37914804;445028183;445028243;
37914804;445028243;445028244;
37914804;445028244;445028245;
37914804;445028245;445028246;
37914804;445028246;445028242;
37914802;445028180;445028242;
37914802;445028242;445028191;
37914789;445028116;445028124;
37914789;445028124;445028125;
37914789;445028125;445028126;
37914789;445028126;445028127;
37914789;445028127;445028128;
37914789;445028128;445028129;
37914789;445028129;445028130;
37914789;445028130;1719174182;
37914789;1719174182;445028131;
37914789;445028131;445028132;
37914789;445028132;445028133;
37914789;445028133;1719174139;
37914789;1719174139;1719174259;
37914789;1719174259;445028109;
37915266;445032809;2205380098;
37915266;2205380098;445032810;
37915263;433469151;3230463784;
37915263;3230463784;436639221;
37915263;436639221;433469150;
37915263;433469150;436639235;
37915263;436639235;3230463777;
37915263;3230463777;433469149;
37915263;433469149;3230463776;
37915263;3230463776;3230463775;
37915263;3230463775;433469148;
37915263;433469148;3230463774;
37915263;3230463774;445032800;
37915268;445032820;445032821;
37915268;445032821;433469204;
37915267;445032812;445032810;
37915267;445032810;445032816;
37915267;445032816;445032820;
37915267;445032820;445032819;
37916220;445041889;445041895;
37916220;445041895;445041896;
37916220;445041896;445041897;
37916220;445041897;445041898;
37916220;445041898;445041899;
37916220;445041899;445041907;
37916220;445041907;445041906;
37916220;445041906;445041909;
37916220;445041909;445041910;
37916220;445041910;445041911;
37916220;445041911;445041914;
37916215;445041881;445041882;
37916216;445041886;445041887;
37937528;112651985;445439324;
37937528;445439324;1389528038;
37937528;1389528038;445439326;
37937528;445439326;445439300;
37937531;445439343;445439344;
37937532;445439347;445439344;
37937532;445439344;2073943321;
37937532;2073943321;445439290;
38001349;446308238;446308240;
38001349;446308240;287458431;
38080329;447881534;447916490;
38080329;447916490;447867547;
38083514;444030255;1731170113;
38083514;1731170113;1837707421;
38083514;1837707421;447881534;
51228960;444004676;444004677;
51228960;444004677;444004678;
51228960;444004678;444004679;
51228960;444004679;444004680;
51228960;444004680;444004681;
51228960;444004681;444004682;
51228960;444004682;444004683;
63192525;1223751732;1223751677;
63192525;1223751677;1223751696;
63192525;1223751696;1223751602;
63192525;1223751602;784475024;
63192525;784475024;1223751591;
63192525;1223751591;1223751585;
63192525;1223751585;1223751626;
63192525;1223751626;1223751749;
63192525;1223751749;1223751769;
63192525;1223751769;1223751753;
63192525;1223751753;1223751805;
63192525;1223751805;1223751624;
63192525;1223751624;1223751732;
37221656;112651987;433469196;
37221658;445028185;1650259143;
37221658;1650259143;445028184;
37221658;445028184;445028183;
37221658;445028183;433469220;
37221658;433469220;433469222;
37221658;433469222;433469225;
37221658;433469225;3168773383;
37221658;3168773383;433469229;
37221658;433469229;433469234;
37221658;433469234;3168773378;
37221658;3168773378;433469236;
37221658;433469236;3168773372;
37221658;3168773372;433469237;
37221658;433469237;433469238;
37221658;433469238;433469239;
37221658;433469239;433469240;
37221658;433469240;433469241;
37221658;433469241;3168698827;
37221658;3168698827;433469243;
37221658;433469243;433469244;
37221658;433469244;433469246;
37221658;433469246;433469248;
37221658;433469248;433469250;
37221658;433469250;1207561936;
37221658;1207561936;433469253;
37221658;433469253;433469255;
37221658;433469255;433469258;
37221658;433469258;433469260;
37221658;433469260;445028156;
37221658;445028156;433469262;
37221658;433469262;433469264;
37221658;433469264;433469266;
37221658;433469266;433469268;
37221658;433469268;433469270;
37221658;433469270;445028173;
37221658;445028173;445028174;
37221658;445028174;445028175;
37221658;445028175;445028176;
37221658;445028176;445028178;
37221658;445028178;433469180;
35145522;412246600;2617650078;
35145522;2617650078;1548554615;
35145522;1548554615;412246608;
37856053;411506246;3554953651;
37856053;3554953651;444011318;
37856053;444011318;444011320;
37856053;444011320;444011321;
37856053;444011321;444011323;
37856053;444011323;1548554598;
37856053;1548554598;1548554599;
37856053;1548554599;1548554600;
37856053;1548554600;1548554602;
37856053;1548554602;1548554601;
37143412;432597949;2485736711;
37143412;2485736711;432597947;
141476899;2846609728;1548554605;
141476899;1548554605;2846609719;
141476899;2846609719;2846609720;
141476899;2846609720;444011306;
141476899;444011306;2846609721;
141476899;2846609721;2846609722;
141476899;2846609722;1548554610;
141476899;1548554610;1548554611;
141476899;1548554611;1548554612;
141476899;1548554612;2846609723;
141476899;2846609723;2846609724;
141476899;2846609724;444011313;
141476899;444011313;1548554609;
141476899;1548554609;1548554607;
141476899;1548554607;1548554606;
141476899;1548554606;2846609725;
141476899;2846609725;2846609726;
141476899;2846609726;2846609727;
141476899;2846609727;287458451;
141476899;287458451;1548554603;
141476899;1548554603;2846609728;
36996749;429205575;430273263;
36996749;430273263;429205582;
36996749;429205582;429205589;
36996749;429205589;429205593;
36996749;429205593;429205596;
36996749;429205596;429200553;
157160144;435759031;435759032;
157160144;435759032;435759033;
37856049;444011311;444011308;
37856049;444011308;1548554605;
141476900;287458451;287458452;
141476901;444011306;444011307;
141476901;444011307;444011305;
141476901;444011305;444011310;
26248559;287458431;2156104173;
26248559;2156104173;287458429;
26248559;287458429;2156098702;
26248559;2156098702;2156104175;
26248559;2156104175;430006697;
26248559;430006697;287458442;
26248559;287458442;287458440;
26248559;287458440;3554953684;
26248559;3554953684;412246600;
26248559;412246600;519337747;
26248559;519337747;444011309;
26248559;444011309;287458438;
26248559;287458438;287458436;
26248559;287458436;444011312;
26248559;444011312;1548554610;
36996354;3554953710;430267083;
36996354;430267083;431925046;
35145272;412246602;412247985;
35145272;412247985;1223751669;
35145272;1223751669;1223751757;
35145272;1223751757;412247991;
35145272;412247991;1223751671;
35145272;1223751671;1223751572;
35145272;1223751572;412247996;
35145272;412247996;412248000;
35145272;412248000;412248004;
35145272;412248004;412248006;
35145272;412248006;412248011;
35145272;412248011;1223751610;
35145272;1223751610;412248019;
35145152;412249442;2072674371;
35145152;2072674371;2072674370;
35145152;2072674370;412249443;
35145152;412249443;412249444;
35145152;412249444;412249445;
35145152;412249445;412249446;
35145152;412249446;412246602;
37352975;435759031;430267083;
35145521;411504977;412249448;
35145521;412249448;412249449;
35145521;412249449;412249450;
35145521;412249450;412248019;
35145521;412248019;412249451;
35145521;412249451;420776939;
35145521;420776939;432578781;
35145521;432578781;420776943;
37352974;435759029;435759031;
36996747;429205574;432862420;
36996747;432862420;430273258;
36996747;430273258;1221776584;
36996747;1221776584;1221776620;
36996747;1221776620;430273261;
36996747;430273261;1221776530;
36996747;1221776530;429833956;
37120544;431947934;431947936;
37120544;431947936;431947938;
37120544;431947938;431947940;
37120544;431947940;431947942;
37120544;431947942;431947945;
37120544;431947945;431947960;
37120544;431947960;431947948;
37120544;431947948;431947950;
37120544;431947950;435206312;
37120544;435206312;1103134724;
37120544;1103134724;431947952;
37120544;431947952;1221776488;
37120544;1221776488;431947954;
37120544;431947954;435206313;
37120544;435206313;429200553;
106113095;1221776488;1221776379;
106113095;1221776379;1221776427;
106113095;1221776427;1221776660;
106113095;1221776660;1221776675;
106113095;1221776675;1403466099;
106113095;1403466099;1221776760;
106113095;1221776760;1221776650;
106113095;1221776650;1221776354;
106113095;1221776354;1221776698;
106115722;1221804114;1221804092;
106115722;1221804092;1221804117;
106115722;1221804117;1221804110;
106115722;1221804110;1221804112;
106115722;1221804112;1221804105;
106115722;1221804105;1221804107;
106115722;1221804107;788826712;
106334866;1223751757;1223751746;
106334851;1223751732;1838434498;
106334851;1838434498;1223751663;
106334851;1223751663;2066740983;
106334851;2066740983;432578829;
106334857;432578842;432578845;
106334857;432578845;432578847;
106334857;432578847;432578848;
106334857;432578848;297369724;
106334854;297369724;1838434492;
106334854;1838434492;432578849;
106334854;432578849;432578851;
106334854;432578851;1223751674;
106334854;1223751674;1223751693;
106334854;1223751693;1223751805;
37141967;420776943;435240914;
37141967;435240914;2185792256;
37141967;2185792256;432578826;
37141967;432578826;432578827;
37141967;432578827;1223751630;
37141967;1223751630;432578828;
37141967;432578828;435240917;
37141967;435240917;784475024;
37914797;445028182;445028192;
37914797;445028192;445028193;
37914797;445028193;445028194;
37914797;445028194;445028195;
37914797;445028195;445028198;
37914797;445028198;445028199;
37914797;445028199;1696370798;
37914797;1696370798;1696370789;
37914797;1696370789;1696370792;
37914797;1696370792;1696370770;
37914797;1696370770;269567423;
157415812;1696370772;1696370795;
37141977;297369728;1223751659;
37141977;1223751659;432578865;
37141977;432578865;432578866;
37141977;432578866;432578842;
36996750;430273263;430273266;
38001352;112613592;446308245;
13799456;1731170804;3570149417;
108480588;429205572;433073103;
108480588;433073103;429205574;
108480593;431947952;1244598153;
108480593;1244598153;1244598170;
36996752;430273276;1221776602;
36996752;1221776602;430273277;
36996752;430273277;432874382;
36996752;432874382;432874383;
34774629;411506246;411504969;
34774629;411504969;4087312908;
34774629;4087312908;128597080;
37914800;3573222131;445028231;
37914800;445028231;1389528059;
37914800;1389528059;445028232;
37914800;445028232;445028236;
37914800;445028236;445028233;
125000464;1389528052;1389528057;
125000464;1389528057;3168698812;
125000464;3168698812;445028240;
125000464;445028240;433469187;
125000464;433469187;433469176;
125000470;433469196;1389528041;
125000470;1389528041;433469197;
125000470;433469197;433469198;
125000470;433469198;2163677958;
125000470;2163677958;433469199;
125000470;433469199;1389528045;
125000470;1389528045;433469200;
125000470;433469200;433469201;
125000470;433469201;445032809;
125000470;445032809;433469204;
125000470;433469204;433469205;
125000470;433469205;1389528066;
125000470;1389528066;1207565720;
125000470;1207565720;1207565719;
125000470;1207565719;1207565722;
125000470;1207565722;3573222252;
125000472;1389528052;1389528056;
125000472;1389528056;433469209;
125000467;3573222252;1389528072;
125000467;1389528072;1389528070;
125000467;1389528070;1389528068;
125000467;1389528068;1389528067;
125000467;1389528067;1402787135;
125000467;1402787135;1389528064;
125000467;1389528064;445032821;
125000467;445032821;2205380098;
125000467;2205380098;1389528048;
125000467;1389528048;1389528047;
125000467;1389528047;1389528044;
125000467;1389528044;1389528043;
125000467;1389528043;1389528042;
125000467;1389528042;1389528040;
126570323;433469169;433469170;
126570323;433469170;436639209;
126570323;436639209;433469171;
126570323;433469171;433469172;
126570323;433469172;3168773404;
126570323;3168773404;3168773398;
126570323;3168773398;433469173;
126570323;433469173;433469174;
126570323;433469174;433469175;
126570323;433469175;436639210;
126570323;436639210;436639217;
126570323;436639217;436639212;
126570322;433469146;436639216;
126570322;436639216;436639215;
126570322;436639215;436639214;
126570322;436639214;436639213;
126570322;436639213;436639212;
110389075;433469169;1260748530;
220234010;420776909;3139458009;
220234010;3139458009;112613604;
220234010;112613604;2846609717;
220234010;2846609717;112613605;
220234010;112613605;112613606;
220234010;112613606;112652932;
220234012;26122718;3713843052;
220234012;3713843052;26122719;
220234011;3713963962;26122725;
220234011;26122725;3713963965;
220234011;3713963965;3713963967;
220234011;3713963967;3713963968;
220234011;3713963968;3713963970;
220234011;3713963970;3713963972;
220234011;3713963972;3713963974;
220234011;3713963974;3713963976;
152189731;1650259143;1650259117;
152189731;1650259117;433469280;
152189731;433469280;444060354;
152189731;444060354;444060348;
152189731;444060348;444060350;
152189731;444060350;444060352;
152189736;1650259079;1650259077;
152189736;1650259077;444058666;
152189736;444058666;433469272;
152189736;433469272;3168773411;
37857897;444058589;3554456876;
37857897;3554456876;444058590;
37857897;444058590;444058591;
37857897;444058591;444058592;
37857897;444058592;444058593;
37857897;444058593;444058594;
37857897;444058594;3554456875;
37857897;3554456875;1651479410;
152321090;1651479417;444058596;
152321090;444058596;444058597;
152321090;444058597;444058598;
152321090;444058598;444058599;
152321090;444058599;1650812899;
152321081;1651479411;1651479403;
152321081;1651479403;1651479407;
152321081;1651479407;1651479402;
152321081;1651479402;1651479400;
152321081;1651479400;1651479410;
152321081;1651479410;1651479418;
152321081;1651479418;1651479415;
152321081;1651479415;1651479420;
152321081;1651479420;1651479406;
152321081;1651479406;1651479404;
152321081;1651479404;1651479416;
152321081;1651479416;1651479414;
152321081;1651479414;1651479417;
152321081;1651479417;1651479397;
152321081;1651479397;1651479405;
152321081;1651479405;1651479398;
152321081;1651479398;1651479408;
152321081;1651479408;1651479401;
152321081;1651479401;1651479411;
152651606;444041651;1654560328;
152651606;1654560328;1654560499;
152651606;1654560499;1654560274;
152651606;1654560274;1654560227;
152651606;1654560227;1654560500;
152651606;1654560500;1654560454;
152651606;1654560454;1654560339;
152651610;1654560216;444041673;
152651602;444041615;1654560216;
152651602;1654560216;1654560531;
152651602;1654560531;1654560396;
152651602;1654560396;1654560349;
152651602;1654560349;444058766;
152618130;1654252810;1654252830;
152618130;1654252830;1654252800;
152618130;1654252800;1654252833;
152618130;1654252833;1654252814;
152618130;1654252814;1654252807;
152618130;1654252807;1654252878;
152618130;1654252878;1654252859;
152618130;1654252859;1654252806;
152618130;1654252806;1654252823;
152618130;1654252823;1654252817;
152618130;1654252817;1654252855;
152618130;1654252855;1654252831;
152618130;1654252831;1654252840;
152618130;1654252840;1654252832;
152618130;1654252832;1654252819;
152618130;1654252819;1654252860;
152618130;1654252860;1654252856;
152618130;1654252856;1654252810;
152618139;1654252800;1654252852;
152618139;1654252852;1654252879;
152618139;1654252879;1654252829;
152618139;1654252829;1654252793;
152618123;1654252837;1654252798;
152618123;1654252798;444041714;
37202412;1221776764;1037307066;
37202412;1037307066;431947984;
37202412;431947984;1037307073;
37202412;1037307073;1037307019;
37202412;1037307019;1037307023;
37202412;1037307023;433073100;
37202412;433073100;430273270;
37202412;430273270;1037307081;
37202412;1037307081;1037307034;
37202412;1037307034;433073098;
37202412;433073098;433073099;
37202412;433073099;1037307111;
37202412;1037307111;1037307006;
37202412;1037307006;429205589;
102826360;1037307066;429200547;
13797988;128617100;128577510;
13797988;128577510;128577516;
13797988;128577516;128577517;
13797988;128577517;2490198500;
13797988;2490198500;128577519;
13797988;128577519;26015912;
159817727;1719174182;1719174141;
159817727;1719174141;1719174206;
159817727;1719174206;1719174251;
159817727;1719174251;1719174248;
159817727;1719174248;1719174208;
159817727;1719174208;1719174200;
159817725;1719174185;1719174166;
159817725;1719174166;130213697;
159817725;130213697;1719174164;
37221653;431947979;433469167;
37221653;433469167;445028096;
160379543;1724272886;3573222247;
160379543;3573222247;3573222240;
160379543;3573222240;3573222232;
37915264;433469145;2207556273;
37915264;2207556273;445028136;
37915264;445028136;2207556268;
160378807;433469147;1650259127;
160378807;1650259127;436639165;
160378807;436639165;3168773421;
160378807;3168773421;433469168;
160378807;433469168;436639175;
160378807;436639175;433469169;
37195037;432874382;432874398;
37195037;432874398;432874399;
37195037;432874399;1221776523;
37195037;1221776523;1221776443;
37195037;1221776443;432874400;
37195037;432874400;1728071592;
36996350;430267067;430267068;
36996350;430267068;430267069;
36996350;430267069;430267070;
161123863;1731170260;1731170190;
161123863;1731170190;447867547;
161123865;447867547;3570149278;
161123865;3570149278;122491913;
161123864;447867547;447867546;
161123864;447867546;1731170260;
161123899;447881534;1731170101;
161123899;1731170101;1731170089;
161123899;1731170089;447918300;
161124039;1654252837;1654252812;
161124050;1654252854;1654252876;
161124054;1654252785;1654252793;
161124056;1654252863;1654252837;
161124057;1731171230;1654252853;
161124075;1654252853;1654252835;
161124087;1654252793;1654252808;
161124103;1654252876;1654252785;
161124030;1731170869;1731170854;
161124092;1731170872;1731170869;
161124136;1654252865;1731171233;
161124136;1731171233;1731171234;
161124161;1654252791;1731171232;
161124161;1731171232;1654252865;
161124210;444041666;444041670;
161124210;444041670;444041671;
161124210;444041671;444041673;
161124198;444041652;444041653;
161124264;444041627;1731171145;
161124264;1731171145;3122372822;
161124264;3122372822;1731171084;
161124264;1731171084;1731171060;
161124264;1731171060;3554536257;
161124264;3554536257;3497904806;
161124264;3497904806;112664296;
161124159;1731171039;1838444859;
161124159;1838444859;112613629;
161124276;112613629;1731171043;
161124276;1731171043;1731171037;
161124276;1731171037;1731170993;
161124276;1731170993;1731170991;
161124276;1731170991;112613631;
161124277;444041673;1654560269;
161124277;1654560269;444041675;
161124277;444041675;1654560293;
161124277;1654560293;1654560393;
161124277;1654560393;1654560339;
13268420;1731170804;128650147;
13268420;128650147;128651493;
13268420;128651493;128651494;
13799462;792643017;128651492;
13799462;128651492;1731170872;
13799462;1731170872;1731170854;
13799462;1731170854;128649722;
13799462;128649722;1731170804;
161124287;1731171172;3493871421;
161124287;3493871421;444041594;
37856969;444030240;444030241;
37856969;444030241;3570149423;
37856969;3570149423;789690202;
37856969;789690202;789692760;
37141970;432578836;445041886;
37141970;445041886;1838438345;
37141970;1838438345;445041882;
37141970;445041882;432578837;
37141970;432578837;432578838;
37141970;432578838;432578835;
37141970;432578835;432578839;
37141970;432578839;432578829;
37141970;432578829;2066740979;
37141970;2066740979;2066740971;
37141970;2066740971;432578841;
37141970;432578841;432578842;
37856968;444030227;444030232;
37856968;444030232;444030233;
37856968;444030233;444030234;
37856967;128651494;3573222123;
37856967;3573222123;792643152;
37856967;792643152;444030216;
37856967;444030216;444030217;
37856967;444030217;1838445653;
37856967;1838445653;444030218;
37856967;444030218;1838445656;
37856967;1838445656;444030219;
37856967;444030219;444030215;
37856967;444030215;444030220;
37856967;444030220;444030221;
37856967;444030221;444030222;
37856967;444030222;444030223;
37856967;444030223;444030224;
37856967;444030224;444030225;
37856967;444030225;444030226;
37856967;444030226;444030227;
37856967;444030227;444030240;
37856967;444030240;444030229;
37856967;444030229;444030230;
37856967;444030230;444030231;
152618126;1654252863;1731171229;
152618126;1731171229;1654252812;
152618126;1654252812;1654252844;
152618126;1654252844;1654252791;
152618126;1654252791;1654252880;
152618126;1654252880;1654252789;
152618126;1654252789;1731171234;
152618126;1731171234;1654252854;
152618126;1654252854;1654252796;
152618126;1654252796;1654252785;
152618126;1654252785;1731171231;
152618126;1731171231;1654252808;
152618126;1654252808;1731171230;
152618126;1731171230;1654252787;
152618126;1654252787;1654252835;
152618126;1654252835;1654252863;
37857258;1654252876;1654252821;
37857258;1654252821;444041651;
37857258;444041651;444041652;
37856966;444030213;1731170793;
37856966;1731170793;444030214;
37856966;444030214;1837688580;
37856966;1837688580;444030215;
37916218;112664292;1731171048;
37916218;1731171048;1731171041;
37916218;1731171041;445041914;
37857255;444041645;444041646;
37857255;444041646;444041618;
37916217;445041888;1731170942;
37916217;1731170942;1731171018;
37916217;1731171018;445041889;
37857251;444041594;1731171195;
37857251;1731171195;444041645;
37857251;444041645;444041624;
24812056;112613628;1103464865;
161124274;269565778;1731170805;
161124274;1731170805;1731170827;
161124274;1731170827;1731170834;
161124274;1731170834;1731170867;
161124274;1731170867;1731170869;
152618120;1654252855;444041601;
152618120;444041601;444041603;
152618120;444041603;444041604;
152618120;444041604;444041605;
152618120;444041605;1920061429;
152618120;1920061429;444041606;
152618120;444041606;444041608;
181590953;1920050503;1920047165;
181590953;1920047165;1920047167;
181592355;1920050503;1920050496;
181592355;1920050496;1920050500;
181592355;1920050500;1920050502;
152618138;444041594;1731171191;
152618138;1731171191;444041625;
37857252;444041625;444041629;
37857252;444041629;444041627;
37857256;445028185;444041620;
37857256;444041620;444041618;
37857256;444041618;1920050502;
37857256;1920050502;444041617;
37857256;444041617;444041595;
172932225;2066740975;1837681067;
172932225;1837681067;1837681068;
172932225;1837681068;1837681069;
172933641;1837690985;1837690995;
172932656;1837684395;1837684397;
172932656;1837684397;1837684392;
172933202;1837688578;1837688581;
172933202;1837688581;1837688580;
172933378;1837689093;1837689092;
172933378;1837689092;444030221;
172935953;789709524;3570149292;
172935953;3570149292;3570149394;
172935953;3570149394;1837707424;
172935953;1837707424;1837707422;
172935953;1837707422;3570149395;
172935953;3570149395;1837707425;
172935953;1837707425;3570149393;
172935953;3570149393;1837707426;
172935953;1837707426;3570149289;
172935953;3570149289;1837707420;
172935953;1837707420;1837707421;
173013103;1838434498;1838434497;
173013103;1838434497;1838434495;
173013103;1838434495;1838434491;
173013103;1838434491;1838434493;
173013103;1838434493;1838434499;
173013103;1838434499;1838434494;
173013103;1838434494;1838434492;
173013583;1838438346;1838438345;
173014726;1838445653;1838445654;
173014726;1838445654;1838445655;
173014726;1838445655;1838445656;
173015835;1838454984;1838454988;
173015835;1838454988;1838454986;
62087615;432578854;432578855;
62087615;432578855;432578856;
62087615;432578856;297369729;
27290327;424016854;424016875;
27290327;424016875;424016877;
27290327;424016877;424016880;
27290327;424016880;424016883;
27290327;424016883;299582743;
27290327;299582743;299583103;
27290327;299583103;299586502;
27290327;299586502;299583353;
27290327;299583353;299582745;
252333763;431925047;429833962;
252333763;429833962;429833964;
37120131;429833956;738940473;
37120131;738940473;738940435;
37120131;738940435;429833958;
37120131;429833958;430267081;
37120131;430267081;431615495;
37120131;431615495;429833960;
37120131;429833960;431925047;
252334869;2102030070;2102030075;
252334869;2102030075;2102030067;
252334869;2102030067;2169139656;
195652243;420774512;2060757099;
195652243;2060757099;2060757041;
195652243;2060757041;3170300793;
172889538;299573943;1837318438;
172889538;1837318438;1837681069;
172889538;1837681069;1837323243;
172889538;1837323243;432578838;
37141975;432578853;2066740958;
37141975;2066740958;432578859;
37141973;435240927;435240930;
37141973;435240930;432578852;
37141973;432578852;435240932;
37141973;435240932;432578853;
37141973;432578853;2066740961;
37141973;2066740961;432578854;
37141980;432578845;432578879;
37141980;432578879;432578882;
37141980;432578882;432578885;
37141980;432578885;432578888;
37141980;432578888;432578890;
37141980;432578890;432578848;
172933642;1837690979;1837690983;
172933642;1837690983;1837690987;
172933642;1837690987;1837690971;
172933642;1837690971;1837690970;
172933642;1837690970;1837690993;
172933642;1837690993;1837690989;
172933642;1837690989;1837690995;
172933642;1837690995;1837690996;
172933642;1837690996;1837690969;
172933642;1837690969;1837690979;
172933642;1837690979;444030223;
196972618;2072674362;2072674364;
196972618;2072674364;2072674366;
196972619;2072674366;2072674367;
196972619;2072674367;2072674368;
196972619;2072674368;2072674369;
196972619;2072674369;2072674366;
196972617;412249443;2084090862;
196972617;2084090862;2072674362;
196972617;2072674362;2072674363;
197100020;2073943321;2073943322;
197100020;2073943322;2073943320;
197100021;444004622;444004628;
197100021;444004628;444004623;
197100021;444004623;2489687358;
197100437;2073945447;2073945448;
198248589;412246602;2084090871;
198248589;2084090871;2084090873;
198248589;2084090873;2084090868;
198248589;2084090868;2084090869;
198248591;2084090870;2084090868;
198248722;444004669;2084091578;
198248722;2084091578;2084091558;
198248722;2084091558;2084091559;
198248722;2084091559;2084091560;
198248722;2084091560;2084091551;
198248722;2084091551;2084091580;
198248722;2084091580;2084091563;
198248722;2084091563;2084091566;
198248722;2084091566;2084091579;
198248722;2084091579;2084091565;
198248722;2084091565;2084091567;
198248722;2084091567;2084091554;
198248722;2084091554;2084091571;
198248722;2084091571;2084091569;
198248722;2084091569;2084091568;
198248726;2084091557;2084091553;
198248726;2084091553;2084091570;
198248726;2084091570;2084091574;
198248726;2084091574;2084091562;
198248726;2084091562;2084091564;
200207563;2073945447;2073945449;
253026351;122491913;299579040;
253026351;299579040;444030257;
253026354;122491913;299583501;
253026354;299583501;299592084;
253026354;299592084;299592113;
253026357;444030257;299580145;
253026357;299580145;299582745;
253026357;299582745;1731169850;
253026357;1731169850;1108076407;
64001963;444030247;789711097;
64001963;789711097;789711100;
64001963;789711100;789711103;
64001963;789711103;789711106;
64001963;789711106;789711109;
64001963;789711109;789711112;
64001963;789711112;2590162589;
27289994;299573551;299607856;
27289994;299607856;299578062;
27289994;299578062;299597869;
27289994;299597869;122491913;
205638146;2156098724;2156098688;
205638146;2156098688;2156098712;
205638146;2156098712;2156098698;
205638146;2156098698;2156098689;
205638142;2156098713;2156098707;
205638142;2156098707;2156098749;
205638142;2156098749;2156098752;
205638142;2156098752;2156098711;
205638142;2156098711;2156098756;
205638142;2156098756;2156098746;
205638142;2156098746;2156098750;
205638142;2156098750;3573222099;
205638142;3573222099;2156098719;
205638147;2156098695;3573222098;
205638147;3573222098;2156098729;
205638144;2156098755;2156098710;
205638144;2156098710;2156098725;
205638144;2156098725;2156098713;
205638144;2156098713;2156098709;
205638144;2156098709;3573222118;
205638144;3573222118;2156098708;
205638880;2156104174;2156104172;
205638880;2156104172;2156104176;
205638880;2156104176;2156104171;
205638880;2156104171;2156104169;
205638880;2156104169;2156104174;
206360115;2163677954;2163677955;
206360115;2163677955;2163677956;
206360116;2163677959;2163677964;
206360116;2163677964;2163677965;
206360116;2163677965;2163677956;
206360116;2163677956;2163677958;
206867055;2102030071;2102030070;
206867053;2169139649;2169139655;
206867053;2169139655;2169139656;
206868043;2169148352;444004644;
208263088;2185762067;2185766308;
208263088;2185766308;2185766309;
208263088;2185766309;2185766307;
208263088;2185766307;2185766310;
208263088;2185766310;2185766306;
208263088;2185766306;2185765238;
208263088;2185765238;2185765236;
208263088;2185765236;2185765234;
208263088;2185765234;2185765237;
208263088;2185765237;2185765235;
208263088;2185765235;2185762064;
208262837;2185756687;2185762067;
208262837;2185762067;2185762064;
208262837;2185762064;2185762047;
208262837;2185762047;2185762049;
208262837;2185762049;2185762061;
208262837;2185762061;2185762050;
208262837;2185762050;2185756687;
208265320;2185793387;2185792255;
208265320;2185792255;2185792256;
208272059;2185848583;2185848586;
208272059;2185848586;2185848584;
208272059;2185848584;2185848565;
208272059;2185848565;2185848581;
208272059;2185848581;2185848561;
208272059;2185848561;2185848588;
208272059;2185848588;2185848577;
208272059;2185848577;2185848563;
208272059;2185848563;2185848567;
208272059;2185848567;2185848568;
208272059;2185848568;2185848579;
209633322;2198252493;3573222212;
209633322;3573222212;420807840;
210674298;2207556268;433469146;
210674298;433469146;436639201;
210674298;436639201;3499996640;
210674298;3499996640;3499996606;
210674298;3499996606;433469147;
210674292;1724256516;2207556272;
210674292;2207556272;2207556275;
210674292;2207556275;2207556266;
210674292;2207556266;2207556268;
210674294;433469176;1389528069;
210674294;1389528069;433469178;
210674294;433469178;433469179;
210674294;433469179;433469180;
210674294;433469180;433469181;
210674294;433469181;433469182;
210674294;433469182;433469183;
210674294;433469183;433469184;
210674294;433469184;433469185;
210674294;433469185;433469186;
210674294;433469186;1731171102;
210674293;1260748530;433469163;
210674293;433469163;433469164;
210674293;433469164;433469165;
210674293;433469165;1719174162;
210674293;1719174162;433469166;
210674293;433469166;436639151;
210674293;436639151;436639152;
210674293;436639152;3573222459;
210674293;3573222459;436639153;
210674293;436639153;436639154;
211339124;433469151;433469152;
211339124;433469152;3230463786;
211339124;3230463786;3230463785;
211339124;3230463785;433469153;
211339124;433469153;433469154;
211339124;433469154;3230463783;
211339124;3230463783;433469155;
211339124;433469155;431947973;
211339124;431947973;431947975;
211339124;431947975;431947977;
211339124;431947977;431947979;
211339124;431947979;431947967;
311272090;433469220;433469278;
311272090;433469278;445028179;
311272090;445028179;445028180;
311272090;445028180;3168698817;
311272090;3168698817;445028181;
311272090;445028181;445028182;
311272091;3168698828;3168698826;
311272091;3168698826;3168698825;
311272091;3168698825;3168698824;
311272091;3168698824;3168698823;
311272091;3168698823;445028180;
311272092;3168698817;3168698818;
311272092;3168698818;3168698819;
311272092;3168698819;3168698821;
311272092;3168698821;3168698822;
311272092;3168698822;3168698820;
311272092;3168698820;3168698816;
311272092;3168698816;3168698815;
311272093;445028171;3168698813;
311272093;3168698813;445028172;
311272093;445028172;433469182;
311272095;3168698809;3168698810;
311272095;3168698810;3168698812;
311272094;445028211;445028212;
311272094;445028212;3168698815;
311272094;3168698815;445028213;
311272094;445028213;445028214;
311272094;445028214;445028215;
311272094;445028215;445028216;
311272094;445028216;445028217;
311272094;445028217;3168698814;
311272094;3168698814;445028218;
311272094;445028218;445028219;
311272094;445028219;445028220;
311272094;445028220;445028221;
311272094;445028221;445028222;
311272094;445028222;445028210;
311272094;445028210;445028223;
311272094;445028223;445028224;
311272094;445028224;445028225;
311272094;445028225;112664316;
37914796;445028184;445028186;
37914796;445028186;445028187;
37914796;445028187;445028188;
37914796;445028188;445028189;
37914796;445028189;445028190;
37914796;445028190;445028191;
37914796;445028191;445028182;
37914798;445028156;445028157;
37914798;445028157;445028155;
37914798;445028155;445028158;
37914798;445028158;445028160;
37914798;445028160;445028200;
37914798;445028200;445028201;
37914798;445028201;445028202;
37914798;445028202;445028203;
37914798;445028203;445028204;
37914798;445028204;445028205;
37914798;445028205;445028206;
37914798;445028206;445028207;
37914798;445028207;445028208;
37914798;445028208;445028209;
37914798;445028209;445028210;
37914801;433469208;445028239;
37914801;445028239;445028240;
37221655;2207552041;445028228;
37221655;445028228;433469192;
37221655;433469192;1389528052;
37914795;445028160;445028162;
37914795;445028162;445028163;
37914795;445028163;445028164;
37914795;445028164;445028165;
37914795;445028165;445028166;
37914795;445028166;445028230;
37914795;445028230;445028167;
37914795;445028167;445028168;
37914795;445028168;445028169;
37914795;445028169;445028170;
37914795;445028170;445028171;
37914799;445028153;445028241;
37914799;445028241;445028211;
311277091;3168773405;3168773415;
311277093;433469241;445028142;
311277093;445028142;445028144;
311277093;445028144;445028145;
311277093;445028145;445028146;
311277093;445028146;445028147;
311277096;433469272;3168773405;
311277096;3168773405;444060348;
311277098;3168773399;3168773411;
311277099;3168773411;3168773412;
311277099;3168773412;3168773400;
311277099;3168773400;3168773399;
311277101;3168773399;433469274;
311277101;433469274;3168773390;
311277101;3168773390;433469276;
311277101;433469276;3168773387;
311277101;3168773387;3168773385;
311277101;3168773385;433469220;
311277121;3168773383;3168773386;
311277121;3168773386;3168773393;
311277121;3168773393;3168773394;
311277121;3168773394;3168773395;
311277121;3168773395;3168773396;
311277121;3168773396;3168773397;
311277121;3168773397;3168773401;
311277121;3168773401;3168773406;
311277121;3168773406;3168773413;
311277121;3168773413;3168773420;
311277103;433469239;3168773368;
311277103;3168773368;3168773369;
311277103;3168773369;3168773370;
311277103;3168773370;3168773371;
311277103;3168773371;3168773373;
311277103;3168773373;3168773375;
311277103;3168773375;3168773377;
311277103;3168773377;3168773382;
311277103;3168773382;3168773380;
311277103;3168773380;433469146;
311277111;3168773367;3168773376;
311277111;3168773376;3168773378;
311277112;3168773372;3168773374;
311277112;3168773374;3168773379;
311277112;3168773379;3168773381;
311277112;3168773381;3168773384;
311277114;436639203;436639204;
311277114;436639204;436639205;
311277114;436639205;436639206;
311277114;436639206;436639207;
311277114;436639207;436639208;
311277114;436639208;436639202;
311277117;433469171;3168773410;
311277117;3168773410;3168773409;
311277117;3168773409;3168773408;
311277117;3168773408;3168773407;
311277117;3168773407;3168773403;
311277117;3168773403;3168773402;
311277123;3168773392;3168773389;
311277126;3168773417;3168773423;
311277129;3168773390;3168773391;
311277129;3168773391;3168773389;
311277131;3168773417;444060356;
311277131;444060356;444060346;
311277133;3168773389;3168773388;
311277133;3168773388;3168773387;
37914791;2207556266;2207556269;
37914791;2207556269;2207556270;
37914791;2207556270;2207556267;
37914791;2207556267;2207556274;
37914791;2207556274;2207556276;
37914791;2207556276;445028139;
37914791;445028139;445028140;
37914791;445028140;3168698829;
37914791;3168698829;433469241;
152189730;1650259148;1650259062;
152189730;1650259062;1650259054;
152189730;1650259054;1650259093;
152189730;1650259093;444060352;
152189730;444060352;3168773422;
152189730;3168773422;1650259092;
152189730;1650259092;1650259079;
37393300;436639175;436639176;
37393300;436639176;1260748524;
37393300;1260748524;1260748519;
37393300;1260748519;1260748515;
37393300;1260748515;1260748527;
37393300;1260748527;1260748502;
236978557;435240972;2449318866;
37143413;287458454;432597951;
37143413;432597951;432597952;
37143413;432597952;2449318866;
37143413;2449318866;432597953;
37143413;432597953;432597954;
37143413;432597954;432597949;
311394889;3170300775;3170300779;
311394889;3170300779;2060757043;
311394891;3170300788;2060757039;
311394891;2060757039;2060757049;
311394891;2060757049;2060757081;
311394892;3170300770;3170300775;
311394892;3170300775;3170300780;
311394892;3170300780;3170300784;
311394892;3170300784;3170300786;
311394892;3170300786;3170300787;
311394892;3170300787;3170300785;
311394892;3170300785;3170300782;
311394892;3170300782;3170300773;
311394893;3170300783;3170300781;
311394893;3170300781;3170300778;
311394893;3170300778;3170300777;
311394893;3170300777;3170300776;
311394893;3170300776;3170300772;
311394893;3170300772;2102009670;
311394893;2102009670;3170300771;
311394893;3170300771;3170300769;
311394893;3170300769;3170300768;
311394893;3170300768;3170300770;
311394893;3170300770;3170300774;
37855525;444004648;2102009665;
37855525;2102009665;2060757057;
37855525;2060757057;444004649;
37855525;444004649;2060757023;
37855525;2060757023;2060757087;
37855525;2060757087;2060757085;
37855525;2060757085;2060757045;
37855525;2060757045;2060757099;
195652234;2060757032;3170300774;
195652234;3170300774;2060757063;
195652234;2060757063;2060757043;
195652234;2060757043;2060757081;
195652234;2060757081;2060757053;
195652234;2060757053;2060757101;
195652234;2060757101;2060757073;
195652232;2060757073;3170300788;
195652232;3170300788;2060757069;
195652232;2060757069;2060757061;
195652232;2060757061;2060757071;
195652232;2060757071;2060757079;
195652232;2060757079;3170300791;
195652232;3170300791;2060757041;
195652235;2060757085;2060757083;
195652235;2060757083;2060757061;
195652238;2060757071;2060757093;
195652238;2060757093;2060757077;
195652238;2060757077;2060757063;
195652233;2060757069;2060757027;
195652233;2060757027;2060757091;
195652233;2060757091;2060757043;
195652240;2060757087;2060757021;
195652240;2060757021;3170300788;
195652230;2060757045;2060757107;
195652230;2060757107;2060757079;
238249552;412249448;2460915650;
238249552;2460915650;2460915651;
238249553;2460915655;2460915656;
238249553;2460915656;2460915657;
238249553;2460915657;412249450;
238249554;2460915651;2460915652;
238249554;2460915652;2460915653;
238249554;2460915653;2460915654;
238249554;2460915654;2460915655;
238249554;2460915655;2460915651;
238249556;2460915663;2460915671;
238249556;2460915671;2460915664;
238249556;2460915664;2460915665;
238249556;2460915665;2460915666;
238249556;2460915666;2460915667;
238249556;2460915667;2460915668;
238249556;2460915668;2460915669;
238249556;2460915669;2460915670;
238249557;2460915671;2460915672;
35997529;112613592;2622548691;
35997529;2622548691;2622548689;
35997529;2622548689;444004655;
35997529;444004655;2622548690;
35997529;2622548690;444004645;
35997529;444004645;420774512;
35997529;420774512;3170300793;
35997529;3170300793;2060757030;
35997529;2060757030;432597946;
35997529;432597946;2060757032;
35997529;2060757032;2485736709;
35997529;2485736709;2485736710;
35997529;2485736710;432597947;
38001351;112652003;446308242;
38001351;446308242;446308243;
38001351;446308243;446308244;
38001351;446308244;2622548687;
38001351;2622548687;112613592;
241285511;2489687353;2489687354;
241285511;2489687354;2489687355;
241285511;2489687355;2489687356;
241285511;2489687356;2489687357;
13797865;26015913;2490198510;
13797865;2490198510;128571479;
13797865;128571479;128571478;
13797865;128571478;128571477;
13797865;128571477;128571476;
13797865;128571476;2490198521;
13797865;2490198521;128617101;
261119612;444030247;444030248;
261119612;444030248;444030249;
261119612;444030249;789709523;
261119612;789709523;444030250;
261119612;444030250;789709524;
261119612;789709524;444030251;
261119612;444030251;444030252;
261119612;444030252;444030253;
261119612;444030253;789709526;
261119612;789709526;789709527;
261119612;789709527;444030255;
261119612;444030255;447918300;
261119612;447918300;789709529;
261119612;789709529;444030257;
37856971;444030224;789709519;
37856971;789709519;789709521;
37856971;789709521;789709522;
37856971;789709522;444030247;
280570948;2846609729;444011313;
36965446;420776894;429833940;
36965446;429833940;429833942;
36965446;429833942;788826675;
36965446;788826675;1221804114;
36965446;1221804114;429833943;
36965446;429833943;429833945;
36965446;429833945;429833953;
36965446;429833953;429833956;
256605511;432597947;444004662;
256605511;444004662;2846609729;
286085489;420807840;420776909;
286085490;420807841;3573222260;
286085490;3573222260;3554953698;
286085490;3554953698;1724272886;
37857253;444041587;444041590;
37857253;444041590;1731171172;
210674289;1724256516;445032808;
210674289;445032808;1724256517;
210674289;1724256517;445032807;
210674289;445032807;3493882604;
210674289;3493882604;433469145;
210674289;433469145;1724256529;
210674289;1724256529;445032806;
210674289;445032806;1724256531;
210674289;1724256531;445032805;
210674289;445032805;445032800;
210674289;445032800;445032804;
210674289;445032804;1724256527;
210674289;1724256527;445032803;
210674289;445032803;3493882605;
210674289;3493882605;445032798;
210674289;445032798;445032802;
210674289;445032802;1724256524;
210674289;1724256524;3493882603;
210674289;3493882603;445032801;
210674289;445032801;445032799;
210674289;445032799;1724256516;
210674290;3573222254;3573222252;
210674290;3573222252;433469137;
210674290;433469137;433469133;
210674290;433469133;2207556271;
210674290;2207556271;3573222255;
210674290;3573222255;433469135;
210674290;433469135;3573222258;
210674290;3573222258;3573222262;
210674290;3573222262;3573222264;
210674290;3573222264;433469141;
210674290;433469141;3573222265;
210674290;3573222265;3573222263;
210674290;3573222263;3573222259;
210674290;3573222259;433469140;
210674290;433469140;433469143;
210674290;433469143;3573222254;
342836042;112664304;3497904801;
342836042;3497904801;3497904802;
342836042;3497904802;3497904803;
342836042;3497904803;3497904804;
342836042;3497904804;3497904805;
342836042;3497904805;3497904806;
37857972;1650259040;444060334;
37857972;444060334;444060335;
37857972;444060335;444060337;
37857972;444060337;444060338;
37857972;444060338;444060344;
37857972;444060344;3168773423;
37857972;3168773423;444060340;
37857972;444060340;444060342;
37857972;444060342;3168773420;
37857972;3168773420;3499996635;
37857972;3499996635;433469147;
106334865;1223751663;1223751622;
106334865;1223751622;1223751778;
106334865;1223751778;1223751695;
106334865;1223751695;1223751716;
106334865;1223751716;1223751650;
106334865;1223751650;1223751675;
106334865;1223751675;1223751783;
106334865;1223751783;1223751788;
106334865;1223751788;2085810952;
106334865;2085810952;2085810954;
106334865;2085810954;2085810953;
106334865;2085810953;2085810951;
106334865;2085810951;432578841;
307165306;1696370772;3122329828;
345573793;3522178888;3522178889;
345573793;3522178889;3522178890;
345573793;3522178890;112651987;
345573794;3522178890;1389528039;
345573795;1389528040;1389528039;
345573796;433469196;1389528040;
345574067;433469208;1389528062;
345574067;1389528062;433469209;
345574068;433469209;433469211;
345574068;433469211;433469213;
345574068;433469213;433469216;
345574068;433469216;433469218;
345574068;433469218;445028226;
345574066;433469176;3573222250;
125000475;433469192;433469196;
308678904;3139458018;3139458232;
308678904;3139458232;3139458242;
308678904;3139458242;3139458286;
308678907;3139458286;3139458292;
308678907;3139458292;3139458016;
308678907;3139458016;3139458237;
308678933;2169139656;2169139651;
308678935;3139458286;2073945447;
63848181;788826710;788826684;
63848181;788826684;788826695;
63848181;788826695;788826712;
63848181;788826712;1402773741;
63848181;1402773741;788826699;
63848181;788826699;788826688;
63848181;788826688;788826707;
308678930;445041888;112613620;
308678930;112613620;112613621;
37916221;445041914;1731171035;
37916221;1731171035;1731171040;
37916221;1731171040;112613636;
37916219;445041889;1731171020;
37916219;1731171020;1731170982;
37916219;1731170982;112664320;
308678923;3139458282;3139458277;
308678923;3139458277;3139458233;
308678923;3139458233;3573222268;
308678923;3573222268;287458435;
308678934;112613598;3139458294;
308678934;3139458294;3139458235;
308678934;3139458235;3139458285;
308678934;3139458285;3139458278;
210673562;1103464865;269566454;
210673562;269566454;1696370795;
210673562;1696370795;444041624;
210673562;444041624;269567421;
210673562;269567421;269567423;
210673562;269567423;445028185;
210673562;445028185;1920047167;
210673562;1920047167;1728071462;
210673562;1728071462;269567425;
210673562;269567425;444041608;
210673562;444041608;269567427;
210673562;269567427;269567429;
210673562;269567429;269567431;
210673562;269567431;269567433;
210673562;269567433;269567434;
210673562;269567434;269567435;
210673562;269567435;3122349593;
210673562;3122349593;1650259148;
210673562;1650259148;269567436;
210673562;269567436;269567437;
210673562;269567437;1731171307;
210673562;1731171307;1731171325;
210673562;1731171325;444058614;
210673562;444058614;269567438;
210673562;269567438;444058615;
210673562;444058615;1647949083;
210673562;1647949083;269567439;
210673562;269567439;269567440;
210673562;269567440;444058750;
210673562;444058750;1728072334;
210673562;1728072334;269567441;
210673562;269567441;444058742;
210673562;444058742;269567443;
210673562;269567443;269567444;
210673562;269567444;1647949110;
210673562;1647949110;269567445;
210673562;269567445;1738392403;
210673562;1738392403;1738392435;
210673562;1738392435;1651648727;
210673562;1651648727;1651648715;
210673562;1651648715;269567447;
210673562;269567447;428672191;
210673562;428672191;1696378885;
308678936;3139458009;420776893;
308678928;3139458266;3139458276;
308678928;3139458276;3139458272;
308678928;3139458272;446308245;
308678928;446308245;446308246;
308678928;446308246;112652004;
211339122;445439300;112613613;
211339122;112613613;112613614;
211339122;112613614;112613616;
211339122;112613616;112613618;
211339122;112613618;445041881;
211339122;445041881;445041888;
308678920;112664292;445041916;
308678920;445041916;3573222129;
29036509;26015879;3713666407;
29036509;3713666407;3092764711;
29036509;3092764711;26015881;
29036509;26015881;26015883;
29036509;26015883;26015885;
29036509;26015885;3713816543;
29036509;3713816543;3713666411;
29036509;3713666411;3092764695;
29036509;3092764695;26015887;
29036509;26015887;3713666410;
29036509;3713666410;3092764692;
29036509;3092764692;26015889;
29036509;26015889;26015891;
29036509;26015891;3092764707;
29036509;3092764707;3092764719;
29036509;3092764719;26015895;
29036509;26015895;3092764694;
29036509;3092764694;26015897;
29036509;26015897;3092764717;
29036509;3092764717;3092764708;
29036509;3092764708;26015899;
29036509;26015899;26015901;
29036509;26015901;26015903;
29036509;26015903;26015905;
29036509;26015905;26015907;
29036509;26015907;128579264;
29036509;128579264;26015909;
29036509;26015909;2490198497;
29036509;2490198497;26015911;
29036509;26015911;26015913;
29036509;26015913;2490198505;
29036509;2490198505;26015915;
316864620;3230463783;445028119;
316864620;445028119;445028120;
316864620;445028120;445028121;
316864620;445028121;445028122;
316864620;445028122;445028123;
316864620;445028123;445028113;
316864624;445028134;445028135;
316864624;445028135;445028096;
349592444;3554456870;3554456869;
349592444;3554456869;3554456868;
349592444;3554456868;3554456871;
349592444;3554456871;1651479404;
349592451;444058752;444058754;
349592451;444058754;444058756;
349592451;444058756;444058589;
349592452;444041615;444041660;
349592452;444041660;444041661;
349592452;444041661;444041662;
349592452;444041662;444058582;
349592452;444058582;444058583;
349592452;444058583;444058584;
349592452;444058584;444058585;
349592452;444058585;444058586;
349592452;444058586;444058587;
349592452;444058587;444058588;
349592452;444058588;444058752;
349592454;444058589;444058760;
349592454;444058760;444058762;
349592454;444058762;444058764;
349592454;444058764;3554456870;
307165168;3122349593;3122349594;
307165168;3122349594;3122349595;
307165168;3122349595;3122349596;
307165168;3122349596;3122349597;
307165168;3122349597;3122349598;
307165168;3122349598;444058752;
349595060;3554472065;3554472066;
349595060;3554472066;444041653;
349595061;444041653;444041655;
349595061;444041655;444041656;
349595061;444041656;444041657;
349595061;444041657;444041658;
349595061;444041658;444041659;
349595061;444041659;444041615;
349599164;444041594;1731171196;
349599164;1731171196;444041595;
349599164;444041595;1731171217;
349599164;1731171217;444041597;
349599164;444041597;444041599;
349599164;444041599;1654252860;
349599165;444041625;1731171177;
349599165;1731171177;444041631;
349599165;444041631;1731171189;
349599165;1731171189;1731171193;
349599165;1731171193;444041632;
349599165;444041632;1731171199;
349599165;1731171199;444041634;
349599165;444041634;1654252877;
349599165;1654252877;1654252802;
349599165;1654252802;1654252853;
349600377;3554536260;3554536261;
307166758;3122372822;3122372823;
307166758;3122372823;3122372824;
307166758;3122372824;3122372825;
349600374;3122372825;3554536260;
349600374;3554536260;3554536256;
349600374;3554536256;3554536257;
349643787;1724272886;3573222251;
349643787;3573222251;3573222241;
349643787;3573222241;3554953693;
349643787;3554953693;3573222239;
349643787;3573222239;2198252493;
349643887;3554953679;3554953677;
349643887;3554953677;3554953676;
349643889;3554953681;3554953680;
349643889;3554953680;3554953679;
349643891;3554953706;112651995;
349643894;430267079;3554953706;
349643896;430267082;3554953711;
349643896;3554953711;3554953710;
349643898;3554953710;3554953709;
349643898;3554953709;3554953708;
349643961;412249445;3554953662;
349643961;3554953662;3554953664;
349643961;3554953664;3554953658;
349643961;3554953658;3554953660;
349643964;444011318;3554953652;
349643964;3554953652;3554953655;
349643964;3554953655;3554953659;
349643964;3554953659;2084090865;
349643964;2084090865;3554953665;
349643964;3554953665;3554953666;
36979228;3554953679;2156098729;
36979228;2156098729;2156098719;
36979228;2156098719;2156098755;
36979228;2156098755;2617650080;
36979228;2617650080;2156098708;
36979228;2156098708;2156098689;
36979228;2156098689;2156104170;
36979228;2156104170;3554953687;
36979228;3554953687;3554953688;
36979228;3554953688;430006697;
205638145;2156098702;2156098697;
205638145;2156098697;2156098716;
205638878;2156104174;3554953689;
205638878;3554953689;3554953690;
205638878;3554953690;2156104173;
316459169;420776943;3554953676;
316459169;3554953676;430006694;
316459169;430006694;3554953681;
316459169;3554953681;4149583051;
316459169;4149583051;3573222107;
316459169;3573222107;420776945;
316459169;420776945;420807840;
351255844;122491912;1731170260;
351255845;3570149417;3570149402;
351255845;3570149402;122491912;
351255846;122491912;3570149397;
351255846;3570149397;3570149401;
351255846;3570149401;3570149405;
351255846;3570149405;3570149417;
351255868;444030213;3570149405;
351255869;3570149397;444030213;
351255876;3570149278;3570149276;
351255876;3570149276;3570149270;
351255892;1731170245;3570149284;
351255892;3570149284;3570149287;
351255892;3570149287;1731170240;
351525651;112613635;445041915;
351525651;445041915;112613636;
351525651;112613636;112617111;
351525651;112617111;112617112;
351525651;112617112;112617113;
351525651;112617113;112617114;
351525651;112617114;789695249;
351525651;789695249;112617115;
351525651;112617115;112617116;
351525651;112617116;112617117;
351525651;112617117;112617118;
351525651;112617118;3573222115;
351525651;3573222115;112617119;
351525651;112617119;1731170903;
351525651;1731170903;112617120;
351525651;112617120;1731170886;
351525651;1731170886;112617121;
351525651;112617121;112617122;
351525651;112617122;447872446;
351525652;112613621;112613622;
351525652;112613622;112613623;
351525652;112613623;112613625;
351525652;112613625;112613626;
351525652;112613626;432578836;
351525652;432578836;1838444495;
351525652;1838444495;112613628;
351525654;3573222129;112664296;
351525654;112664296;112664298;
351525654;112664298;792643039;
351525659;3573222221;3573222218;
351525659;3573222218;3573222219;
351525659;3573222219;3573222223;
351525659;3573222223;3573222226;
351525659;3573222226;3573222230;
351525659;3573222230;3573222232;
351525659;3573222232;3573222233;
351525659;3573222233;3573222231;
351525659;3573222231;1724272845;
351525659;1724272845;3573222225;
351525659;3573222225;3573222221;
351525660;3573222230;3573222243;
351525660;3573222243;3573222251;
351525676;3573222266;112613602;
351525676;112613602;2198252488;
351525676;2198252488;112613603;
351525676;112613603;420776909;
351525680;3573222131;433469213;
351525681;433469216;3573222131;
351525682;445028233;445028234;
351525682;445028234;445028235;
351525682;445028235;445028236;
351525683;433469133;3573222250;
351525683;3573222250;3573222255;
351525686;3573222187;3573222184;
351525686;3573222184;3573222183;
351525686;3573222183;3573222186;
351525686;3573222186;1402787130;
351525686;1402787130;3573222189;
351525686;3573222189;3573222191;
351525686;3573222191;3573222192;
351525686;3573222192;3573222190;
351525686;3573222190;3573222188;
351525686;3573222188;3573222187;
351525693;3573222212;3573222201;
351525693;3573222201;3573222198;
351525693;3573222198;3573222157;
351525693;3573222157;3573222138;
351525693;3573222138;3573222133;
351525693;3573222133;3573222132;
351525693;3573222132;3573222130;
351525693;3573222130;3573222128;
351525693;3573222128;3573222109;
351525693;3573222109;3573222108;
351525693;3573222108;3573222104;
351525701;3573222222;3573222216;
351525704;3573222205;3573222210;
351525712;3573222165;3573222159;
351525716;3573222157;3573222163;
351525718;3573222234;3573222239;
351525727;3573222156;3573222149;
351525727;3573222149;3573222140;
351525728;3573222253;3573222246;
351525728;3573222246;3573222241;
351525729;3573222108;3573222127;
351525729;3573222127;3573222128;
351525730;3573222217;3573222213;
351525730;3573222213;3573222209;
351525732;3573222260;3573222261;
351525732;3573222261;3573222256;
351525734;3573222207;3573222206;
351525734;3573222206;3573222198;
351525736;3573222145;3573222154;
351525736;3573222154;3573222168;
351525738;3573222201;3573222208;
351525738;3573222208;3573222207;
351525738;3573222207;3573222211;
351525741;3573222210;3573222211;
351525741;3573222211;3573222227;
351525741;3573222227;3573222234;
351525742;3573222205;3573222203;
351525742;3573222203;3573222197;
351525742;3573222197;3573222196;
351525743;1719174166;3573222443;
351525743;3573222443;3573222440;
351525743;3573222440;3573222438;
351525744;3573222234;3573222229;
351525744;3573222229;3573222214;
351525744;3573222214;3573222210;
351525748;3573222197;3573222200;
351525748;3573222200;3573222217;
351525748;3573222217;3573222222;
351525748;3573222222;3573222237;
351525749;3573222195;3573222196;
351525749;3573222196;3573222202;
351525749;3573222202;3573222204;
351525749;3573222204;3573222205;
351525751;3573222153;3573222161;
351525751;3573222161;3573222178;
351525751;3573222178;3573222193;
351525751;3573222193;3573222195;
351525759;3573222438;3573222436;
351525759;3573222436;3573222439;
351525759;3573222439;3573222442;
351525759;3573222442;3573222453;
351525760;3573222195;3573222194;
351525760;3573222194;3573222179;
351525760;3573222179;3573222160;
351525760;3573222160;3573222152;
351525763;3573222240;3573222242;
351525763;3573222242;3573222244;
351525763;3573222244;3573222238;
351525763;3573222238;3573222228;
351525763;3573222228;3573222224;
351525764;3573222127;3573222134;
351525764;3573222134;3573222137;
351525764;3573222137;3573222145;
351525764;3573222145;3573222147;
351525764;3573222147;3573222130;
351525766;3573222163;3573222170;
351525766;3573222170;3573222182;
351525766;3573222182;3573222181;
351525766;3573222181;3573222175;
351525766;3573222175;3573222162;
351525766;3573222162;3573222163;
351525772;3573222138;3573222140;
351525772;3573222140;3573222141;
351525772;3573222141;3573222135;
351525772;3573222135;3573222136;
351525772;3573222136;3573222139;
351525773;3573222107;3573222110;
351525773;3573222110;3573222114;
351525773;3573222114;3573222116;
351525773;3573222116;3573222124;
351525773;3573222124;3573222125;
351525773;3573222125;3573222126;
351525780;3573222148;3573222151;
351525780;3573222151;3573222153;
351525780;3573222153;3573222152;
351525780;3573222152;3573222150;
351525780;3573222150;3573222146;
351525780;3573222146;3573222143;
351525780;3573222143;3573222144;
351525780;3573222144;3573222148;
351525782;3573222200;3573222185;
351525782;3573222185;3573222177;
351525782;3573222177;3573222171;
351525782;3573222171;3573222165;
351525782;3573222165;3573222164;
351525782;3573222164;3573222169;
351525782;3573222169;3573222174;
351525782;3573222174;3573222197;
64447160;792643023;112613633;
64447160;112613633;112613634;
64447160;112613634;1837684392;
64447160;1837684392;112613635;
211339126;112613628;1838445055;
211339126;1838445055;112613629;
211339126;112613629;112613631;
211339126;112613631;1731170986;
211339126;1731170986;128651490;
161123874;112664300;112664302;
161123874;112664302;112664304;
161123874;112664304;444041587;
161123874;444041587;1838444860;
161123874;1838444860;1103464865;
210673566;1103464865;1838445085;
210673566;1838445085;112664310;
210673566;112664310;112664312;
210673566;112664312;112664314;
210673566;112664314;112664315;
210673566;112664315;112664316;
210673566;112664316;1731171102;
220234009;26057853;112613609;
220234009;112613609;112613610;
220234009;112613610;2846609718;
220234009;2846609718;3522178888;
220234009;3522178888;112613611;
220234009;112613611;432589602;
220234009;432589602;432589603;
220234009;432589603;112613612;
220234009;112613612;445439300;
29035153;112613608;26057853;
166973017;112613584;112613586;
166973017;112613586;112613587;
166973017;112613587;112613588;
166973017;112613588;112613589;
166973017;112613589;444004652;
166973017;444004652;2102030069;
166973017;2102030069;3139458266;
166973017;3139458266;2622548692;
166973017;2622548692;112613590;
166973017;112613590;112613592;
166973017;112613592;2622548688;
166973017;2622548688;112613593;
166973017;112613593;112613594;
166973017;112613594;112613595;
166973017;112613595;112613596;
166973017;112613596;112613597;
166973017;112613597;112613598;
166973017;112613598;287458435;
166973017;287458435;112613600;
166973017;112613600;287458431;
206867054;2225262331;430267079;
206867054;430267079;112651995;
206867054;112651995;446308238;
206867054;446308238;3139458282;
206867054;3139458282;287458421;
206867054;287458421;3139458278;
206867054;3139458278;112651997;
206867054;112651997;3139458018;
206867054;3139458018;112651999;
206867054;112651999;3139458237;
206867054;3139458237;112652000;
206867054;112652000;112652001;
206867054;112652001;112652002;
206867054;112652002;112652003;
206867054;112652003;2102030066;
206867054;2102030066;112652004;
206867054;112652004;2622548693;
206867054;2622548693;2169139657;
206867054;2169139657;2169139649;
206867054;2169139649;2169139651;
206867054;2169139651;112652006;
206867054;112652006;112652009;
206867054;112652009;430284836;
206867054;430284836;112652011;
206867054;112652011;112652012;
206867054;112652012;112652014;
209633323;287458431;112613601;
209633323;112613601;3573222266;
211339127;1731171102;112664317;
211339127;112664317;112664318;
211339127;112664318;3139458003;
211339127;3139458003;112664320;
29035150;112651992;26057813;
29035150;26057813;112651993;
29035150;112651993;420776893;
29035150;420776893;420776894;
210673565;112664320;112664325;
210673565;112664325;112664327;
210673565;112664327;445028226;
210673565;445028226;112664333;
210673565;112664333;2207552041;
210673565;2207552041;112651985;
212708425;420776894;420776895;
212708425;420776895;112651994;
212708425;112651994;788826702;
212708425;788826702;788826710;
212708425;788826710;788826707;
212708425;788826707;788826682;
212708425;788826682;431925048;
212708425;431925048;2225262331;
316864613;445028096;445028097;
316864613;445028097;445028098;
316864613;445028098;445028099;
316864613;445028099;3230463789;
316864613;3230463789;445028100;
316864613;445028100;445028101;
316864613;445028101;445028102;
316864613;445028102;445028103;
316864613;445028103;445028104;
316864613;445028104;445028105;
316864613;445028105;445028106;
316864613;445028106;445028107;
316864613;445028107;445028108;
316864613;445028108;445028109;
316864613;445028109;1719174164;
316864613;1719174164;445028110;
316864613;445028110;1719174269;
316864613;1719174269;3573222457;
316864613;3573222457;3573222464;
126568160;1402787144;1402787140;
126568160;1402787140;1402787143;
126568160;1402787143;1402787134;
126568160;1402787134;1402787145;
126568160;1402787145;1402787136;
126568160;1402787136;3573222191;
160379536;1724272859;1724272889;
160379536;1724272889;1724272913;
160379536;1724272913;1724272852;
160379536;1724272852;3573222220;
160379536;3573222220;3573222223;
160379534;1724272859;1724272847;
160379534;1724272847;1724272905;
160379534;1724272905;1724272919;
160379534;1724272919;1724272861;
160379534;1724272861;1724272893;
160379534;1724272893;1724272850;
160379534;1724272850;1724272859;
160379537;1724272845;1724272916;
160379537;1724272916;3573222224;
160379537;3573222224;1724272903;
160379537;1724272903;1724272856;
160379537;1724272856;1724272908;
160379545;3573222221;3573222215;
160379545;3573222215;1724272896;
160379545;1724272896;1724272884;
160379547;1724272884;1724272867;
160379547;1724272867;1724272870;
160379547;1724272870;1724272863;
160379547;1724272863;1724272910;
160379547;1724272910;1724272901;
160379547;1724272901;1724272873;
160379547;1724272873;1724272854;
160379547;1724272854;1724272884;
37221650;445032798;433469142;
37221650;433469142;3573222264;
343082986;3499996637;3499996641;
343082986;3499996641;3499996642;
343082986;3499996642;3499996643;
41380172;435240906;3573222096;
41380172;3573222096;506111738;
41380172;506111738;3573222097;
41380172;3573222097;2185756687;
342382077;3573222262;3493882600;
342382077;3493882600;3493882601;
342382077;3493882601;3493882602;
342382077;3493882602;3493882603;
126568161;1402787130;1402787146;
126568161;1402787146;1402787142;
126568161;1402787142;1402787137;
126568161;1402787137;1402787135;
343082985;3499996635;3499996636;
343082985;3499996636;3499996637;
343082985;3499996637;3499996643;
343082985;3499996643;3499996638;
343082985;3499996638;3499996639;
343082985;3499996639;3499996644;
343082985;3499996644;3499996640;
367461723;3713816546;26122714;
367464148;3713843054;26122787;
367461722;26122713;3713816544;
367461722;3713816544;3713816545;
211339125;112651985;112651987;
211339125;112651987;1389528039;
211339125;1389528039;112651988;
211339125;112651988;26057846;
211339125;26057846;3713963405;
211339125;3713963405;3713963409;
211339125;3713963409;3139458027;
211339125;3139458027;2583924942;
211339125;2583924942;112651991;
367477467;26122786;3713963391;
367477467;3713963391;3713843054;
367477466;3713963964;3713963963;
367477466;3713963963;26122781;
367477465;26122787;3713843053;
367477465;3713843053;26122788;
367477469;26122784;26122785;
367477469;26122785;3713963402;
367477469;3713963402;26122786;
367477471;26122724;3713963956;
367477471;3713963956;3713963959;
367477471;3713963959;3713963962;
367477472;3713963949;26122723;
367477472;26122723;319309730;
367477472;319309730;26122724;
367522279;26122794;3713964000;
367522279;3713964000;3713963998;
367522279;3713963998;3713963996;
367522279;3713963996;3713963994;
367522279;3713963994;26122793;
367522279;26122793;3713963991;
367522279;3713963991;3713963989;
367522279;3713963989;26122792;
367522279;26122792;3713963985;
367522279;3713963985;3713963983;
367522279;3713963983;3713963981;
367522279;3713963981;3713963979;
367522279;3713963979;3713963978;
367522279;3713963978;26122791;
367522279;26122791;3713963975;
367522279;3713963975;3713963973;
367522279;3713963973;3713963971;
367522279;3713963971;3713963969;
367522279;3713963969;26122790;
367522279;26122790;3713963966;
367522279;3713963966;3713963964;
367477464;3713963940;3713963937;
367477464;3713963937;26122784;
367522281;3713963976;26122727;
367522281;26122727;3713963977;
367522281;3713963977;3713963980;
367522281;3713963980;3713963982;
367522281;3713963982;3713963984;
367522281;3713963984;26122728;
367522281;26122728;3713963986;
367522281;3713963986;3713963987;
367522281;3713963987;3713963988;
367522281;3713963988;3713963990;
367522281;3713963990;3713963992;
367522281;3713963992;26122729;
367522281;26122729;3713963993;
367522281;3713963993;3713963995;
367522281;3713963995;3713963997;
367522281;3713963997;3713963999;
367522281;3713963999;26122730;
367522281;26122730;3714381571;
367522281;3714381571;3714381573;
367522281;3714381573;3714381575;
367522281;3714381575;26122731;
367522281;26122731;3714381578;
367522281;3714381578;3714381580;
367522281;3714381580;3714381581;
367522281;3714381581;3714381583;
367522281;3714381583;3714381585;
367522281;3714381585;3714381587;
367522281;3714381587;26122732;
367522281;26122732;3093359344;
367522281;3093359344;26122734;
367522281;26122734;3714381592;
367522281;3714381592;3714381593;
367522281;3714381593;3714381595;
367522281;3714381595;3093359327;
367522281;3093359327;3714381597;
367522281;3714381597;3714381598;
367477473;26122781;3713963960;
367477473;3713963960;3713963957;
367477473;3713963957;26122782;
367477470;26122719;3713963389;
367477470;3713963389;3713963390;
367477470;3713963390;26122720;
367477474;26122782;3713963953;
367477474;3713963953;26122783;
367477474;26122783;3713963952;
367477474;3713963952;3713963948;
367477474;3713963948;3713963943;
367477474;3713963943;3713963940;
367477475;26122788;3713843051;
367477475;3713843051;3713843049;
367477475;3713843049;26122789;
367477475;26122789;3713816548;
367477475;3713816548;26122716;
367477475;26122716;3713816547;
367477475;3713816547;3713816546;
367477476;26122720;3713963416;
367477476;3713963416;26122721;
367477476;26122721;3713963927;
367477476;3713963927;3713963936;
367477476;3713963936;3713963939;
367477476;3713963939;26122722;
367477476;26122722;3713963946;
367477476;3713963946;3713963949;
367477477;26057801;3139458275;
367477477;3139458275;3713963951;
367477477;3713963951;3713963950;
367477477;3713963950;26057803;
367477477;26057803;3713963947;
367477477;3713963947;26057804;
367477477;26057804;3713963945;
367477477;3713963945;3713963944;
367477477;3713963944;3139458255;
367477477;3139458255;3713963942;
367477477;3713963942;26057805;
367477477;26057805;26057813;
4306660;26122784;3713963423;
4306660;3713963423;112652825;
4306660;112652825;3713963419;
4306660;3713963419;3713963417;
4306660;3713963417;3713963414;
4306660;3713963414;26057776;
4306660;26057776;3713963410;
4306660;3713963410;112652828;
4306660;112652828;3713963406;
4306660;3713963406;26057774;
4306660;26057774;3713963404;
4306660;3713963404;112652829;
4306660;112652829;3713963407;
4306660;3713963407;26057772;
4306660;26057772;3713963411;
4306660;3713963411;3713963412;
4306660;3713963412;112652830;
4306660;112652830;3713963418;
4306660;3713963418;3713963420;
4306660;3713963420;26057769;
4306660;26057769;3713963421;
4306660;3713963421;3713963422;
4306660;3713963422;112652831;
4306660;112652831;3713963424;
4306660;3713963424;26057767;
4306660;26057767;112652832;
4306660;112652832;3713963928;
4306660;3713963928;3713963929;
4306660;3713963929;3713963930;
4306660;3713963930;26057764;
4306660;26057764;112652833;
4306660;112652833;26057762;
4306660;26057762;3713963934;
4306660;3713963934;3713963933;
4306660;3713963933;3713963932;
4306660;3713963932;112652932;
4306658;26122781;3713963961;
4306658;3713963961;3713963958;
4306658;3713963958;3713963955;
4306658;3713963955;3713963954;
4306658;3713963954;26057801;
400580529;445028096;4031281722;
400580529;4031281722;4031281723;
400581007;445028113;445028114;
400581007;445028114;445028115;
400581007;445028115;445028116;
400581007;445028116;445028117;
400581007;445028117;445028102;
411775062;2185714894;435240906;
411775062;435240906;435240914;
411775062;435240914;420776943;
411775062;420776943;432578781;
411775062;432578781;412249451;
411775062;412249451;2103272929;
411775062;2103272929;412248019;
411775062;412248019;412249450;
411775062;412249450;412249449;
411775062;412249449;412249448;
411775062;412249448;411504977;
411775062;411504977;2169094763;
411775062;2169094763;411504979;
411775062;411504979;420777494;
411775062;420777494;411504981;
411775062;411504981;411504984;
411775062;411504984;411504987;
411775062;411504987;412249442;
411775062;412249442;2084090872;
411775062;2084090872;411504967;
411775062;411504967;128597080;
411775062;128597080;411834915;
411775062;411834915;411834914;
411775062;411834914;416007714;
411775062;416007714;287458449;
411775062;287458449;2605287683;
411775062;2605287683;287458447;
411775062;287458447;2084091557;
411775062;2084091557;2084091553;
411775062;2084091553;2084091570;
411775062;2084091570;2084091574;
411775062;2084091574;4133824545;
411775062;4133824545;2084091552;
411775062;2084091552;2084091573;
411775062;2084091573;2084091561;
411775062;2084091561;2084091572;
411775062;2084091572;2084091576;
411775062;2084091576;2084091555;
411775062;2084091555;2084091573;
415097761;2460915605;4161712070;
415097761;4161712070;4161712071;
415097761;4161712071;4161712072;
415097761;4161712072;4161712073;
415097761;4161712073;4161712074;
415097761;4161712074;4161712075;
415097761;4161712075;4161712076;
415097761;4161712076;4161712077;
