28393864;2334451786;311888770;
28393864;311888770;2334451781;
28394191;311888684;311888682;
28394191;311888682;493669233;
28394191;493669233;493669251;
28394191;493669251;493669093;
28394191;493669093;493669113;
28394191;493669113;493669426;
28394191;493669426;1788786411;
28394191;1788786411;1788786396;
28394191;1788786396;1788786389;
28394191;1788786389;1788786370;
28394191;1788786370;311888633;
28394183;311888619;3013289612;
28394183;3013289612;311888620;
28394183;311888620;1766376032;
28394183;1766376032;493669426;
28589553;311886214;314027820;
28589553;314027820;311888684;
28589578;1766402165;314027917;
28589578;314027917;314044269;
28589578;314044269;314044478;
28589578;314044478;314075625;
28590466;314041235;493669210;
28590466;493669210;314041342;
28590667;314044811;1770841747;
28590667;1770841747;1766341666;
28590836;314048124;314048155;
28590842;314048166;314048268;
28590826;314047991;1788787824;
28590826;1788787824;2066725843;
28590826;2066725843;1788787829;
28590826;1788787829;314047990;
28590826;314047990;1788787978;
28590826;1788787978;1788788112;
28594025;314075626;314075625;
40643214;2334451781;2334451784;
40643208;311888526;311886218;
40643208;311886218;311886217;
40643208;311886217;311886216;
40643208;311886216;311888620;
40643208;311888620;314044811;
40643208;314044811;1788787183;
40643208;1788787183;311886215;
40643208;311886215;311886214;
40643209;311888684;1788787279;
40643209;1788787279;311888685;
28590643;314044269;497171065;
28590643;497171065;1788787672;
28590643;1788787672;311888768;
40643169;493669078;493669084;
40643169;493669084;493669088;
40643169;493669088;493669093;
40643182;493669108;493669084;
40643175;493669106;493669108;
40643175;493669108;493669111;
40643175;493669111;493669127;
40643175;493669127;493669135;
40643175;493669135;493669138;
40643175;493669138;1788786415;
40643175;1788786415;493669144;
40643175;493669144;493669151;
40643175;493669151;493669127;
40643237;493669400;1788786427;
40643237;1788786427;492273252;
40643237;492273252;493669404;
40643237;493669404;493669412;
40643202;493669251;493669252;
40643202;493669252;493669253;
40643190;1788787978;420446030;
40643198;493669233;493669235;
40643198;493669235;1788787134;
40643198;1788787134;1788787138;
40643198;1788787138;1766385088;
34613887;311888522;1788787231;
34613887;1788787231;311889074;
34613887;311889074;314043899;
28593894;314074370;314074569;
28593894;314074569;314074571;
28593894;314074571;314074573;
28593894;314074573;314074574;
28593894;314074574;314074576;
28593894;314074576;314074579;
28593894;314074579;314074580;
28593894;314074580;314074581;
28593894;314074581;314074583;
28593894;314074583;314074584;
28593894;314074584;314074585;
28593894;314074585;314074587;
28593894;314074587;314074588;
28593894;314074588;314074590;
28593894;314074590;314074591;
28593894;314074591;314074592;
28593894;314074592;314074594;
28593894;314074594;428215431;
28593894;428215431;314074595;
28593894;314074595;314074596;
28593894;314074596;314074598;
28593894;314074598;428214881;
28593894;428214881;314074599;
28593894;314074599;314074689;
28593894;314074689;314074691;
28593894;314074691;314074695;
28593894;314074695;314074697;
28593894;314074697;428215448;
28593894;428215448;314074702;
28593894;314074702;314074704;
28593894;314074704;3396198965;
28593894;3396198965;314074706;
28593855;314074281;314074317;
28593855;314074317;314074318;
28593855;314074318;314074319;
28593855;314074319;314074321;
28593851;314074258;314074278;
28593851;314074278;314074279;
28593851;314074279;314074280;
28593851;314074280;314074281;
28593851;314074281;314074282;
28593851;314074282;314074283;
28593851;314074283;3013289533;
28593851;3013289533;314074284;
28593851;314074284;314074285;
28593851;314074285;314074286;
28593851;314074286;311888509;
28594022;314075581;1788786383;
28594022;1788786383;314075584;
28594021;314075546;314075570;
28594021;314075570;314075571;
28594021;314075571;314075573;
28594021;314075573;314075575;
28594021;314075575;314075577;
28594021;314075577;314075579;
28594021;314075579;314075580;
28594021;314075580;314075581;
28594021;314075581;314075582;
28594021;314075582;314075583;
36835963;428215585;428214881;
36835963;428214881;428214908;
36835963;428214908;428214909;
36835963;428214909;428214910;
36835963;428214910;428214911;
36835963;428214911;428214912;
36835963;428214912;3149005243;
36835963;3149005243;428214913;
36835963;428214913;428215439;
36835963;428215439;428214914;
36835963;428214914;428214915;
36835963;428214915;428214916;
36835963;428214916;428214917;
36835963;428214917;428214918;
36835963;428214918;428214919;
36835963;428214919;428214920;
36835963;428214920;428214921;
36835963;428214921;428214922;
36835963;428214922;428214923;
36835963;428214923;428214924;
36835963;428214924;428215376;
36835963;428215376;428214925;
36835963;428214925;428214926;
36835963;428214926;497171016;
36835963;497171016;428214927;
36835963;428214927;428214928;
36836046;311888766;428215593;
36836046;428215593;428215594;
36836046;428215594;428215595;
36836034;428215411;428215412;
36836034;428215412;428215413;
36836034;428215413;428215414;
36836034;428215414;428215415;
36836034;428215415;428215416;
36836034;428215416;428215417;
36836034;428215417;428215418;
36836034;428215418;428215419;
36836034;428215419;428215420;
36836034;428215420;428215389;
36836039;428215440;428215441;
36836039;428215441;428215442;
36836039;428215442;428215443;
36836039;428215443;428214894;
36836039;428214894;428215444;
36836039;428215444;428215445;
36836039;428215445;428215446;
36836039;428215446;428215448;
36835345;428215781;428210297;
36835345;428210297;428210298;
36835345;428210298;428210299;
36835345;428210299;428215921;
36835345;428215921;428210300;
36835345;428210300;428215783;
36835345;428215783;428215782;
36836030;428215376;428215377;
36836030;428215377;428215378;
36836030;428215378;428215379;
36836030;428215379;428215381;
36836030;428215381;428215383;
36836030;428215383;428215384;
36836030;428215384;428215385;
36836030;428215385;428215387;
36836030;428215387;428215388;
36836030;428215388;428215389;
36836030;428215389;428215390;
36836030;428215390;428215391;
36836030;428215391;428215392;
36836030;428215392;428215393;
36836030;428215393;428215394;
36836030;428215394;428215395;
36836030;428215395;428215370;
36836030;428215370;428215372;
39992326;428215913;480499760;
39992326;480499760;480499761;
39992326;480499761;480499763;
39992326;480499763;480499764;
39992326;480499764;480499766;
39992326;480499766;480499767;
39992326;480499767;1788786029;
39992326;1788786029;480499768;
39992326;480499768;480499769;
39992326;480499769;1788785924;
39992326;1788785924;1788785887;
39992327;480499766;480499773;
39992327;480499773;480499775;
39992327;480499775;480499776;
40859299;1780112988;314028345;
40859293;497171024;1108123650;
40859293;1108123650;497171025;
40864323;428216032;497240496;
40864323;497240496;497240497;
40864323;497240497;497240498;
40864323;497240498;497240500;
40864324;497240502;497240500;
40864324;497240500;497240505;
40864324;497240505;1104146351;
40864324;1104146351;428215790;
51228950;493669106;493669149;
51228950;493669149;493669144;
51228951;493669106;493669113;
51228949;1766388736;492270084;
51228949;492270084;492270079;
51228949;492270079;492269070;
51228949;492269070;492273248;
51228949;492273248;492273252;
39991718;128668316;480486038;
39991718;480486038;480486039;
39991718;480486039;480486041;
39991718;480486041;480486042;
39991718;480486042;480486043;
39991718;480486043;428215776;
39991718;428215776;480486044;
39991718;480486044;480486045;
39991718;480486045;480486046;
39991718;480486046;480486048;
39991718;480486048;480486049;
39992375;311888512;480500604;
39992375;480500604;480500605;
39992375;480500605;497240502;
39992375;497240502;480500608;
39992375;480500608;480500610;
40859297;497171033;497171037;
40859297;497171037;497171008;
40859297;497171008;497171041;
40859297;497171041;497171042;
40859297;497171042;497171043;
28394176;311887529;1770354613;
28394176;1770354613;311888504;
28394176;311888504;492269072;
28394176;492269072;311888505;
28394176;311888505;1788786444;
28394176;1788786444;311888506;
28394176;311888506;1788786431;
28394176;1788786431;311888507;
28394176;311888507;493669174;
28394176;493669174;311888508;
28394176;311888508;311888509;
28394176;311888509;311888633;
28394176;311888633;311888510;
28394176;311888510;311888526;
28394176;311888526;311888511;
28394176;311888511;311888512;
28394176;311888512;1770841623;
28394176;1770841623;428215782;
28394176;428215782;314075477;
40859289;497171009;497171011;
40859295;314040692;497171033;
39992328;428210300;3897689901;
39992328;3897689901;480499779;
39992328;480499779;480499780;
39992328;480499780;480499782;
39992328;480499782;480499776;
40859288;497171006;497171008;
40859294;497171025;1108247085;
40859294;1108247085;1788787180;
40859294;1788787180;314040692;
28590802;314047355;314047582;
28590802;314047582;314047583;
28590802;314047583;314047584;
28590802;314047584;314047586;
28590802;314047586;314048124;
28590802;314048124;1353867883;
28590802;1353867883;1353867885;
28590802;1353867885;314048166;
28590802;314048166;314047589;
13281765;90379359;1770355121;
13281765;1770355121;497159080;
13281765;497159080;492270084;
13281765;492270084;1766389604;
13281765;1766389604;1766397693;
13281765;1766397693;492280362;
13281765;492280362;1766397695;
13281765;1766397695;3897692188;
13281765;3897692188;1766397691;
13281765;1766397691;311888690;
28590704;314046052;1108123571;
28590704;1108123571;1108123590;
28590704;1108123590;1788787128;
28590704;1788787128;314046219;
51228955;1718570841;492269495;
51228955;492269495;492269496;
51228955;492269496;492269490;
51228952;1718570832;492269491;
51228952;492269491;492269490;
51228952;492269490;492269489;
51228952;492269489;1718570835;
51228952;1718570835;492269492;
51228952;492269492;492269493;
51228952;492269493;1718570841;
51228952;1718570841;492269494;
159752061;428215590;1788787767;
159752061;1788787767;428215592;
40557463;492280365;492280362;
40557463;492280362;492280359;
40557463;492280359;492280368;
40557463;492280368;492269069;
28590544;1264279436;314043011;
28590544;314043011;1106228175;
28590544;1106228175;314043010;
28590544;314043010;314043528;
28590544;314043528;1766403808;
28590544;1766403808;1766403800;
28590544;1766403800;314048417;
28590544;314048417;3897692229;
28590544;3897692229;1766402165;
36835962;111415679;1725588075;
36835962;1725588075;428214882;
36835962;428214882;428214883;
36835962;428214883;428214884;
36835962;428214884;428214885;
36835962;428214885;428214886;
36835962;428214886;428214887;
36835962;428214887;428214888;
36835962;428214888;428214889;
36835962;428214889;428214890;
36835962;428214890;428214891;
36835962;428214891;428214892;
36835962;428214892;428214893;
36835962;428214893;428214894;
36835962;428214894;428214895;
36835962;428214895;428214896;
36835962;428214896;428214897;
36835962;428214897;428215585;
36835962;428215585;314074596;
165051489;1766382055;1766382060;
165051489;1766382060;1766382059;
165051489;1766382059;1766382063;
165051489;1766382063;1766382062;
165051256;1770832423;1766375984;
165051256;1766375984;1766376000;
165051591;492269489;1766385107;
165051591;1766385107;1766385073;
165051591;1766385073;1766385091;
165051591;1766385091;1766385085;
165051591;1766385085;1766385109;
165051591;1766385109;1766385088;
165052096;314047728;1766401304;
165052097;312404716;1766401302;
165052007;314048268;1766397691;
165052010;314048155;1766397695;
165052008;1766397717;311888690;
165545792;1770832428;1770832446;
165545792;1770832446;1770832427;
165545792;1770832427;1770832436;
165545792;1770832436;1770832431;
165545792;1770832431;1770832441;
165545792;1770832441;1770832433;
165545792;1770832433;1770832425;
165545792;1770832425;1770832440;
165545792;1770832440;1770832420;
165545792;1770832420;1770832439;
165545792;1770832439;1770832432;
165545791;1766341664;1770832423;
165545791;1770832423;1770832429;
165545791;1770832429;1770832430;
165545791;1770832430;1770832428;
165545791;1770832428;1770832448;
165545791;1770832448;1770832434;
165545791;1770832434;1770832447;
165546650;1770841747;1770841659;
165546650;1770841659;1770841601;
165546650;1770841601;1770841600;
165546637;1770832423;1770841682;
165546637;1770841682;1770841704;
165546637;1770841704;1770841675;
165546637;1770841675;1770841652;
165546637;1770841652;1770841729;
165546637;1770841729;1770841602;
165546637;1770841602;1770841639;
165546637;1770841639;1770841636;
165546637;1770841636;1770841708;
165546637;1770841708;1770841756;
165546637;1770841756;1770841633;
165546637;1770841633;1770841613;
165546637;1770841613;1770841700;
165546637;1770841700;1770841614;
165546637;1770841614;1770841726;
165546637;1770841726;1770841691;
165546637;1770841691;1770841743;
165546637;1770841743;1770841662;
165546649;1770841599;1770841638;
165546649;1770841638;1770841757;
165546649;1770841757;1770841603;
165546649;1770841603;1770841721;
165546649;1770841721;1770841670;
165546649;1770841670;1770841679;
165546649;1770841679;1770841611;
165546649;1770841611;1770841607;
165546649;1770841607;1770841677;
165546649;1770841677;1770841672;
165546649;1770841672;1770841591;
165546649;1770841591;1770841592;
165546649;1770841592;1770841646;
165546649;1770841646;1770841665;
165546649;1770841665;1770841615;
165546649;1770841615;1770841702;
165546649;1770841702;1770841730;
165546649;1770841730;1770841645;
165546649;1770841645;1770841629;
165546642;1770841651;1770841719;
165546642;1770841719;1770841733;
165546640;1770841682;1770841612;
165546640;1770841612;1770841599;
165546640;1770841599;1770841729;
165546652;1770841692;1770841637;
165546652;1770841637;1770841617;
165546652;1770841617;1770841640;
165546652;1770841640;1770841754;
165546652;1770841754;1770841663;
165546652;1770841663;1770841619;
165546638;1770841664;1770841688;
165546638;1770841688;1770841656;
165546638;1770841656;1770841644;
165546638;1770841644;1770841734;
165546638;1770841734;1770841703;
165546638;1770841703;1770841644;
165546644;1770841655;1770841699;
165546644;1770841699;1770841692;
165546644;1770841692;1770841694;
165546644;1770841694;1770841600;
165546644;1770841600;1770841631;
165546644;1770841631;1770841710;
165546644;1770841710;1770841738;
165546639;311888619;1770841664;
165546639;1770841664;1770841673;
165546639;1770841673;1770841733;
165546639;1770841733;1770841594;
165546639;1770841594;1770841589;
165546639;1770841589;1770841587;
165546639;1770841587;1770841746;
165546645;1770841673;1770841739;
165546645;1770841739;1770841634;
165546645;1770841634;1770841590;
165546645;1770841590;1770841755;
165546645;1770841755;1770841684;
165546645;1770841684;1770841606;
165546645;1770841606;1770841666;
165546645;1770841666;1770841623;
28394235;311889074;1788787380;
28394235;1788787380;314028301;
28394235;314028301;314075647;
28394235;314075647;1108247085;
28394235;1108247085;1108123590;
28394235;1108123590;311889073;
28394235;311889073;1788787112;
36836083;428215783;428215784;
36836083;428215784;428215790;
36836083;428215790;428215791;
36836083;428215791;428215792;
36836083;428215792;428215793;
40859291;497171016;1788786392;
40859291;1788786392;497171018;
28593997;314075477;314075490;
28593997;314075490;314075491;
28593997;314075491;314075492;
28593997;314075492;428215913;
28593997;428215913;314075493;
28593997;314075493;480499790;
28593997;480499790;314075495;
28593997;314075495;480499793;
28593997;480499793;314075496;
28593997;314075496;314075497;
167487333;1766376000;1766375991;
167487333;1766375991;1766376026;
167487334;1766376026;1766376028;
167487334;1766376028;1766376030;
167487334;1766376030;1766376000;
167487349;1788787112;1788787106;
167487349;1788787106;1788787128;
167487349;1788787128;1788787180;
167487349;1788787180;1788787235;
167487349;1788787235;1788787269;
167487349;1788787269;1788787359;
167487349;1788787359;311889074;
167487350;428214930;1788786201;
167487350;1788786201;428214874;
167487351;428214930;1788786202;
167487351;1788786202;1788786173;
167487352;428214928;1788786321;
167487352;1788786321;428214929;
167487352;428214929;428214930;
167487353;1766341659;1788786462;
167487353;1788786462;1766341664;
167487353;1766341664;1766341661;
167487353;1766341661;1766341667;
167487353;1766341667;1770841655;
167487353;1770841655;1766341660;
167487353;1766341660;1766341666;
167487353;1766341666;1766341659;
167487362;128668278;128668279;
167487362;128668279;128668283;
167487362;128668283;428471588;
167487362;428471588;128668285;
167487362;128668285;420446031;
167487362;420446031;128668286;
167487362;128668286;428471586;
167487362;428471586;128668291;
167487362;128668291;128668292;
167487362;128668292;128668293;
167487362;128668293;128668294;
167487362;128668294;1788786173;
167487362;1788786173;128668295;
167487362;128668295;428214874;
167487362;428214874;1788786111;
167487362;1788786111;128668296;
167487362;128668296;128668297;
167487362;128668297;1788786017;
167487362;1788786017;128668299;
167487362;128668299;129676781;
167487362;129676781;2066725803;
167487362;2066725803;3396198675;
167487362;3396198675;128668302;
167487362;128668302;128668303;
167487362;128668303;1788785868;
167487362;1788785868;479512726;
167487362;479512726;314075546;
167487362;314075546;128668304;
167487362;128668304;128668305;
167487362;128668305;128668306;
167487362;128668306;479512729;
167487404;1353867898;1788787810;
167487411;497171065;497171024;
167487437;1788787188;1788787134;
167487442;1770841612;1788786462;
167487487;311888773;1788786360;
167487487;1788786360;1788786368;
167487488;1788786336;1788786345;
167487488;1788786345;314040897;
167487495;497171020;1788786340;
167487495;1788786340;1788786392;
167487501;311888517;1788786391;
167487501;1788786391;1788786372;
167487504;1788786455;1788786453;
167487504;1788786453;1788786457;
167487504;1788786457;1788786459;
28594031;314075624;314075627;
28594031;314075627;314075647;
28594031;314075647;1788787235;
28594031;1788787235;497171047;
28594031;497171047;497171051;
40859290;311888519;1788786432;
40859290;1788786432;497171014;
40859290;497171014;497171015;
28590653;311888768;1788787623;
28590653;1788787623;314046052;
28590653;314046052;497171024;
28590653;497171024;314044478;
40859292;1788786321;497171020;
40859292;497171020;497171021;
28590727;311888522;314028302;
28590727;314028302;497171043;
28590727;497171043;497171051;
28590727;497171051;314040692;
28590727;314040692;314046219;
28590727;314046219;1788786455;
36836047;1766401304;1788787730;
36836047;1788787730;428215590;
36835964;428214928;428214931;
36835964;428214931;1788786382;
36835964;1788786382;428214932;
36835964;428214932;428214933;
36835964;428214933;428215372;
36835964;428215372;428214934;
36835964;428214934;428214935;
36835964;428214935;428214936;
36835964;428214936;428214937;
36835964;428214937;428214938;
36835964;428214938;428215410;
36835964;428215410;428214939;
36835964;428214939;3015219553;
36835964;3015219553;428214940;
36835964;428214940;428214941;
36835964;428214941;128668285;
120829941;1353867870;1353867905;
120829941;1353867905;1353867881;
120829941;1353867881;1788788258;
120829941;1788788258;1353867889;
120829941;1353867889;1788788182;
120829941;1788788182;1353867880;
120829941;1353867880;1788787995;
120829941;1788787995;1353867879;
120829941;1353867879;1353867900;
120829941;1353867900;1353867896;
120829939;1353867904;1353867897;
120829939;1353867897;1353867878;
120829940;1353867896;1353867890;
120829940;1353867890;1353867898;
28590740;314046541;314046654;
28590740;314046654;314046502;
120829935;1353867898;1353867892;
120829935;1353867892;1353867887;
28590603;314043899;1108247114;
40859296;497171033;1766382055;
40859296;1766382055;497171036;
40859296;497171036;497171037;
120829937;1353867885;1353867878;
120829937;1353867878;1353867874;
120829937;1353867874;1353867902;
120829937;1353867902;1353867896;
120829934;1353867896;1353867876;
120829934;1353867876;1788787810;
120829934;1788787810;1353867895;
120829934;1353867895;1353867904;
120829934;1353867904;1353867883;
165545921;1770834227;1770834223;
165545921;1770834223;1770834222;
165545921;1770834222;1770834230;
165545921;1770834230;1770834220;
165545921;1770834220;1770834225;
165545921;1770834225;1353867900;
120829936;1353867871;1353867872;
120829936;1353867872;1353867888;
120829936;1353867888;1353867891;
120829936;1353867891;1353867893;
120829936;1353867893;1353867901;
120829936;1353867901;1353867896;
165545793;1770832444;1770832435;
165545793;1770832435;1770832422;
165545793;1770832422;1770832442;
165545793;1770832442;1770832445;
165545793;1770832445;1770832438;
165545793;1770832438;1770832449;
165545793;1770832449;1770832436;
40643212;311886215;493669294;
40643212;493669294;311888682;
173372582;428215592;314047991;
167487424;1788787045;2066725824;
167487424;2066725824;2066725823;
167487424;2066725823;1770841662;
224649280;428215592;2066725839;
224649280;2066725839;314028345;
224649282;1788786459;1788787045;
224649282;1788787045;314043975;
224649282;314043975;2334451786;
224649289;311888690;428215596;
224649289;428215596;2066725835;
224649289;2066725835;1766401304;
224649289;1766401304;428215592;
167487382;1788788092;314047589;
224645842;2334451781;2334451788;
224645843;1788786452;2066725818;
224645843;2066725818;311888773;
224645843;311888773;311888774;
224645843;311888774;311888775;
224645843;311888775;311888776;
224645846;2334451788;2334451783;
224645846;2334451783;2334451787;
224645846;2334451787;2334451784;
224645847;2334451788;311886214;
224645469;492269066;492269494;
224645469;492269494;1718570842;
224645469;1718570842;492269068;
224645469;492269068;1718570832;
224645469;1718570832;1788787166;
224645469;1788787166;492269069;
224645469;492269069;492269070;
224645469;492269070;1104140056;
224645469;1104140056;1788786460;
224645469;1788786460;492269071;
224645479;314047728;2066725837;
224645479;2066725837;1766397717;
40556952;311888685;1788787375;
40556952;1788787375;311888686;
40556952;311888686;1788787423;
40556952;1788787423;311888687;
40556952;311888687;492269066;
224645485;1766397717;314048268;
224645485;314048268;3897692194;
224645485;3897692194;314048155;
224645485;314048155;492280365;
224645485;492280365;1766397688;
224645485;1766397688;314047258;
224645485;314047258;1766388736;
224645485;1766388736;428214872;
224645485;428214872;1770355365;
224645485;1770355365;314042698;
28590809;1788788330;2066725871;
28590809;2066725871;2066725867;
28590809;2066725867;493669216;
28590809;493669216;2066725857;
28590809;2066725857;2334448675;
28590809;2334448675;1788788092;
36836045;311888768;428215586;
36836045;428215586;428215587;
36836045;428215587;428215588;
36836045;428215588;2585406413;
252505455;2585406413;2958493525;
252505455;2958493525;2066725831;
252505455;2066725831;428215590;
252516371;314046541;314046505;
252516371;314046505;1788786454;
252516371;1788786454;1788786459;
224645845;2334451784;1770841662;
224645845;1770841662;2585474952;
28394198;2334451786;311888769;
28394198;311888769;311888768;
28394198;311888768;2066725825;
28394198;2066725825;314044278;
28394198;314044278;2585474947;
28394198;2585474947;311888767;
28394198;311888767;311888766;
28394198;311888766;311888764;
28394198;311888764;311888763;
28394198;311888763;1788787398;
28394198;1788787398;311888685;
252516370;2585474952;2958495172;
252516370;2958495172;1788786452;
252516522;2585478033;311888514;
252516522;311888514;311888515;
252516522;311888515;311888516;
252516522;311888516;1788786378;
252516522;1788786378;314075584;
252516522;314075584;314075583;
252516522;314075583;311888517;
252516522;311888517;311888518;
252516522;311888518;311888519;
252516522;311888519;1788786443;
252516522;1788786443;311888520;
252516522;311888520;497171011;
252516522;497171011;1788786461;
252516522;1788786461;497171006;
252516522;497171006;311888521;
252516522;311888521;1788787207;
252516522;1788787207;311888522;
252516524;314040897;314040896;
252516524;314040896;1788786368;
252516524;1788786368;1766382062;
252516524;1766382062;314046541;
207634493;1788786326;311888776;
207634493;311888776;311888513;
207634493;311888513;1788786336;
207634493;1788786336;2585478035;
207634493;2585478035;2585478033;
28590455;311888514;314040897;
252517114;314075473;314075474;
252517114;314075474;314075475;
252517114;314075475;1788786326;
28593993;314075458;314075467;
28593993;314075467;314075469;
28593993;314075469;1788785846;
28593993;1788785846;314075470;
28593993;314075470;314075471;
28593993;314075471;2066725805;
28593993;2066725805;314075472;
28593993;314075472;314075473;
252502755;312404715;314047848;
252502755;314047848;420446030;
252502755;420446030;312404716;
40643217;314047589;314047726;
40643217;314047726;1788787817;
40643217;1788787817;1788787775;
40643217;1788787775;314047728;
167487401;314047589;2066725850;
167487401;2066725850;2066725855;
167487401;2066725855;1788787978;
202181268;492269066;1788787471;
202181268;1788787471;311888690;
207634489;314075477;2066725816;
207634489;2066725816;1788786326;
207634498;497171025;1108123571;
207634498;1108123571;314043975;
207634500;314028345;497171065;
207634509;314075625;314075624;
207634509;314075624;1108123650;
207634487;314075504;128668309;
207634487;128668309;128668310;
207634487;128668310;128668311;
207634487;128668311;428215781;
207634487;428215781;128668312;
207634487;128668312;128668313;
207634487;128668313;428215793;
207634487;428215793;428216032;
207634487;428216032;480500597;
207634487;480500597;314553861;
207634487;314553861;314074258;
207634487;314074258;128668316;
207634487;128668316;428215775;
207634487;428215775;3013289568;
207634487;3013289568;314074321;
207634487;314074321;480486064;
207634487;480486064;3896082166;
207634487;3896082166;128664640;
207634487;128664640;3025460919;
207634487;3025460919;3013289569;
207634487;3013289569;493669384;
207634487;493669384;1770354586;
207634487;1770354586;90379618;
207634522;314028345;1766401302;
207634522;1766401302;314027917;
207634522;314027917;3897692228;
207634522;3897692228;1766403803;
207634522;1766403803;1766403805;
207634529;314043899;314075626;
207634496;314075625;1108247114;
207634518;1766402165;312404716;
207634518;312404716;1780112988;
207634528;314075626;1788787754;
207634528;1788787754;311888523;
207634528;311888523;1788788242;
224645844;2334451782;3396198795;
224645844;3396198795;1788786459;
167487515;1788786452;2066725820;
167487515;2066725820;2334451782;
167487515;2334451782;2334451785;
167487515;2334451785;314046505;
167487515;314046505;314046503;
167487515;314046503;314046502;
167487515;314046502;1788786455;
209436195;1108247114;314028301;
209436195;314028301;1788787269;
209436195;1788787269;314028302;
209436198;1108247114;314075627;
209436198;314075627;497171025;
209444521;1780112988;2066725841;
209444521;2066725841;314047991;
209444521;314047991;314047728;
237715267;2455922956;2455922958;
237715267;2455922958;2455922959;
237715267;2455922959;2455922960;
237715267;2455922960;2455922955;
237715267;2455922955;2455922954;
237715267;2455922954;2455922957;
237715162;2455922256;2455922258;
237715162;2455922258;2455922254;
237715162;2455922254;2455922259;
237715162;2455922259;2455922260;
237715162;2455922260;2455922261;
237715162;2455922261;2455922262;
237715162;2455922262;2455922957;
237715162;2455922957;2455922255;
237715162;2455922255;3897692191;
237715162;3897692191;2455922257;
237715162;2455922257;428214909;
297436774;3013289611;3013289612;
297622530;3015219539;3015219540;
297622530;3015219540;3015219541;
297622530;3015219541;3015219542;
297622530;3015219542;3015219543;
297622530;3015219543;3015219544;
297622530;3015219544;3015219545;
297622530;3015219545;3015219546;
297622530;3015219546;3015219547;
297622530;3015219547;3015219548;
297622530;3015219548;3015219549;
297622530;3015219549;3015219550;
297622530;3015219550;3015219551;
297622530;3015219551;3015219552;
297622530;3015219552;3015219553;
309557724;428214920;3149005244;
309557724;3149005244;3149005245;
386440054;3897692188;3897692194;
386440055;3897692229;3897692228;
386440354;3897692191;3897692195;
386440354;3897692195;3897692196;
386440354;3897692196;2455922261;
386440360;3897689910;3897689914;
386440360;3897689914;3897689915;
386440360;3897689915;3897689917;
297436768;3897689917;3013289230;
297436768;3013289230;3013289231;
297436768;3013289231;3013289232;
297436768;3013289232;3013289533;
